0.280487804878
0.280487804878
0.280487804878
0.280487804878
0.286585365854
0.286585365854
0.292682926829
0.292682926829
0.286585365854
0.286585365854
0.280487804878
0.280487804878
0.280487804878
0.274390243902
0.274390243902
0.256097560976
0.262195121951
0.262195121951
0.262195121951
0.262195121951
0.268292682927
0.274390243902
0.274390243902
0.274390243902
0.274390243902
0.268292682927
0.262195121951
0.262195121951
0.268292682927
0.268292682927
0.268292682927
0.268292682927
0.268292682927
0.268292682927
0.262195121951
0.262195121951
0.280487804878
0.280487804878
0.280487804878
0.280487804878
0.280487804878
0.25
0.243902439024
0.25
0.25
0.237804878049
0.243902439024
0.243902439024
0.274390243902
0.298780487805
0.286585365854
0.268292682927
0.268292682927
0.268292682927
0.262195121951
0.262195121951
0.262195121951
0.256097560976
0.268292682927
0.268292682927
0.268292682927
0.268292682927
0.268292682927
0.262195121951
0.262195121951
0.268292682927
0.274390243902
0.274390243902
0.268292682927
0.268292682927
0.286585365854
0.286585365854
0.280487804878
0.280487804878
0.274390243902
0.274390243902
0.280487804878
0.280487804878
0.292682926829
0.317073170732
0.310975609756
0.30487804878
0.317073170732
0.323170731707
0.30487804878
0.30487804878
0.317073170732
0.292682926829
0.292682926829
0.292682926829
0.286585365854
0.286585365854
0.317073170732
0.323170731707
0.323170731707
0.310975609756
0.310975609756
0.268292682927
0.292682926829
0.292682926829
0.280487804878
