0.211711711712
0.211711711712
0.216216216216
0.216216216216
0.216216216216
0.216216216216
0.207207207207
0.207207207207
0.220720720721
0.216216216216
0.274774774775
0.274774774775
0.27027027027
0.279279279279
0.22972972973
0.243243243243
0.234234234234
0.234234234234
0.234234234234
0.234234234234
0.238738738739
0.238738738739
0.238738738739
0.247747747748
0.247747747748
0.252252252252
0.261261261261
0.261261261261
0.261261261261
0.261261261261
0.261261261261
0.261261261261
0.261261261261
0.256756756757
0.261261261261
0.261261261261
0.256756756757
0.256756756757
0.256756756757
0.256756756757
0.256756756757
0.256756756757
0.256756756757
0.261261261261
0.261261261261
0.261261261261
0.256756756757
0.256756756757
0.279279279279
0.279279279279
0.279279279279
0.265765765766
0.261261261261
0.261261261261
0.283783783784
0.283783783784
0.292792792793
0.292792792793
0.297297297297
0.297297297297
0.297297297297
0.292792792793
0.31981981982
0.315315315315
0.315315315315
0.324324324324
0.31981981982
0.324324324324
0.324324324324
0.324324324324
0.324324324324
0.31981981982
0.31981981982
0.315315315315
0.315315315315
0.315315315315
0.301801801802
0.306306306306
0.301801801802
0.328828828829
0.328828828829
0.328828828829
0.328828828829
0.328828828829
0.328828828829
0.328828828829
0.328828828829
0.328828828829
0.328828828829
0.328828828829
0.328828828829
0.324324324324
0.31981981982
0.31981981982
0.315315315315
0.315315315315
0.315315315315
0.328828828829
0.333333333333
0.333333333333
0.337837837838
