0.0163043478261
0.0163043478261
0.0163043478261
0.0163043478261
0.0163043478261
0.0163043478261
0.0108695652174
0.0108695652174
0.0108695652174
0.0108695652174
0.0163043478261
0.0163043478261
0.0163043478261
0.0163043478261
0.0217391304348
0.0217391304348
0.0217391304348
0.0217391304348
0.0163043478261
0.0163043478261
0.0163043478261
0.0163043478261
0.0163043478261
0.0163043478261
0.0163043478261
0.0163043478261
0.0163043478261
0.0163043478261
0.0108695652174
0.0108695652174
0.0163043478261
0.0163043478261
0.0108695652174
0.0108695652174
0.0108695652174
0.0108695652174
0.0108695652174
0.0108695652174
0.0108695652174
0.0108695652174
0.0108695652174
0.0108695652174
0.0108695652174
0.0108695652174
0.0108695652174
0.0108695652174
0.0108695652174
0.0108695652174
0.0108695652174
0.0108695652174
0.0108695652174
0.0054347826087
0.0054347826087
0.0054347826087
0.0054347826087
0.0054347826087
0.0054347826087
0.0054347826087
0.0054347826087
0.0054347826087
0.0108695652174
0.0108695652174
0.0108695652174
0.0108695652174
0.0217391304348
0.0217391304348
0.0217391304348
0.0163043478261
0.0163043478261
0.0163043478261
0.0163043478261
0.0163043478261
0.0163043478261
0.0163043478261
0.0163043478261
0.0163043478261
0.0163043478261
0.0163043478261
0.0163043478261
0.0163043478261
0.0163043478261
0.0163043478261
0.0163043478261
0.0163043478261
0.0163043478261
0.0163043478261
0.0163043478261
0.0163043478261
0.0163043478261
0.0163043478261
0.0217391304348
0.0217391304348
0.0163043478261
0.0163043478261
0.0163043478261
0.0217391304348
0.0217391304348
0.0217391304348
0.0217391304348
0.0271739130435
0.0217391304348
