0.704225352113
0.711267605634
0.711267605634
0.718309859155
0.718309859155
0.711267605634
0.697183098592
0.739436619718
0.725352112676
0.725352112676
0.725352112676
0.725352112676
0.718309859155
0.718309859155
0.753521126761
0.753521126761
0.760563380282
0.788732394366
0.788732394366
0.788732394366
0.746478873239
0.746478873239
0.725352112676
0.718309859155
0.739436619718
0.725352112676
0.725352112676
0.739436619718
0.746478873239
0.753521126761
0.760563380282
0.760563380282
0.767605633803
0.767605633803
0.767605633803
0.767605633803
0.767605633803
0.788732394366
0.781690140845
0.753521126761
0.746478873239
0.746478873239
0.760563380282
0.760563380282
0.760563380282
0.760563380282
0.760563380282
0.774647887324
0.753521126761
0.753521126761
0.753521126761
0.753521126761
0.753521126761
0.753521126761
0.654929577465
0.661971830986
0.669014084507
0.669014084507
0.683098591549
0.640845070423
0.633802816901
0.633802816901
0.640845070423
0.640845070423
0.640845070423
0.640845070423
0.640845070423
0.640845070423
0.647887323944
0.669014084507
0.676056338028
0.676056338028
0.669014084507
0.669014084507
0.669014084507
0.669014084507
0.640845070423
0.640845070423
0.654929577465
0.683098591549
0.669014084507
0.661971830986
0.661971830986
0.661971830986
0.669014084507
0.802816901408
0.802816901408
0.781690140845
0.781690140845
0.781690140845
0.781690140845
0.781690140845
0.669014084507
0.654929577465
0.654929577465
0.647887323944
0.647887323944
0.647887323944
0.661971830986
0.788732394366
0.795774647887
