0.341463414634
0.341463414634
0.341463414634
0.341463414634
0.341463414634
0.341463414634
0.341463414634
0.341463414634
0.341463414634
0.341463414634
0.307317073171
0.307317073171
0.307317073171
0.307317073171
0.326829268293
0.326829268293
0.326829268293
0.326829268293
0.326829268293
0.326829268293
0.321951219512
0.321951219512
0.321951219512
0.321951219512
0.321951219512
0.317073170732
0.317073170732
0.317073170732
0.312195121951
0.312195121951
0.312195121951
0.312195121951
0.312195121951
0.312195121951
0.312195121951
0.312195121951
0.307317073171
0.307317073171
0.307317073171
0.307317073171
0.307317073171
0.307317073171
0.307317073171
0.30243902439
0.30243902439
0.30243902439
0.30243902439
0.30243902439
0.307317073171
0.307317073171
0.307317073171
0.30243902439
0.30243902439
0.307317073171
0.307317073171
0.30243902439
0.30243902439
0.30243902439
0.30243902439
0.30243902439
0.30243902439
0.30243902439
0.307317073171
0.307317073171
0.307317073171
0.307317073171
0.307317073171
0.307317073171
0.307317073171
0.307317073171
0.30243902439
0.30243902439
0.30243902439
0.30243902439
0.30243902439
0.30243902439
0.30243902439
0.30243902439
0.30243902439
0.29756097561
0.29756097561
0.30243902439
0.30243902439
0.29756097561
0.29756097561
0.29756097561
0.29756097561
0.29756097561
0.29756097561
0.29756097561
0.29756097561
0.29756097561
0.30243902439
0.30243902439
0.30243902439
0.30243902439
0.30243902439
0.307317073171
0.307317073171
0.307317073171
0.312195121951
