0.488095238095
0.5
0.488095238095
0.488095238095
0.5
0.5
0.464285714286
0.464285714286
0.488095238095
0.47619047619
0.440476190476
0.440476190476
0.416666666667
0.428571428571
0.47619047619
0.47619047619
0.47619047619
0.47619047619
0.47619047619
0.47619047619
0.511904761905
0.511904761905
0.511904761905
0.511904761905
0.440476190476
0.440476190476
0.440476190476
0.440476190476
0.440476190476
0.440476190476
0.440476190476
0.440476190476
0.428571428571
0.428571428571
0.428571428571
0.428571428571
0.404761904762
0.404761904762
0.404761904762
0.404761904762
0.404761904762
0.404761904762
0.404761904762
0.404761904762
0.404761904762
0.404761904762
0.404761904762
0.404761904762
0.428571428571
0.428571428571
0.428571428571
0.416666666667
0.416666666667
0.416666666667
0.416666666667
0.428571428571
0.428571428571
0.416666666667
0.428571428571
0.5
0.5
0.47619047619
0.511904761905
0.511904761905
0.511904761905
0.511904761905
0.52380952381
0.52380952381
0.52380952381
0.440476190476
0.440476190476
0.440476190476
0.440476190476
0.440476190476
0.440476190476
0.440476190476
0.440476190476
0.440476190476
0.440476190476
0.440476190476
0.440476190476
0.440476190476
0.428571428571
0.428571428571
0.440476190476
0.440476190476
0.440476190476
0.440476190476
0.440476190476
0.440476190476
0.440476190476
0.440476190476
0.440476190476
0.440476190476
0.440476190476
0.452380952381
0.452380952381
0.452380952381
0.452380952381
0.452380952381
0.452380952381
