0.514705882353
0.522058823529
0.522058823529
0.522058823529
0.522058823529
0.522058823529
0.522058823529
0.522058823529
0.522058823529
0.522058823529
0.522058823529
0.522058823529
0.522058823529
0.522058823529
0.522058823529
0.522058823529
0.522058823529
0.522058823529
0.522058823529
0.522058823529
0.522058823529
0.522058823529
0.522058823529
0.514705882353
0.522058823529
0.514705882353
0.514705882353
0.514705882353
0.514705882353
0.514705882353
0.514705882353
0.514705882353
0.514705882353
0.514705882353
0.514705882353
0.514705882353
0.514705882353
0.522058823529
0.522058823529
0.522058823529
0.522058823529
0.522058823529
0.514705882353
0.514705882353
0.514705882353
0.514705882353
0.514705882353
0.514705882353
0.522058823529
0.529411764706
0.529411764706
0.522058823529
0.514705882353
0.514705882353
0.514705882353
0.514705882353
0.514705882353
0.514705882353
0.514705882353
0.514705882353
0.514705882353
0.507352941176
0.529411764706
0.529411764706
0.529411764706
0.529411764706
0.529411764706
0.536764705882
0.536764705882
0.536764705882
0.536764705882
0.536764705882
0.529411764706
0.529411764706
0.536764705882
0.529411764706
0.536764705882
0.536764705882
0.536764705882
0.536764705882
0.536764705882
0.536764705882
0.536764705882
0.536764705882
0.536764705882
0.536764705882
0.529411764706
0.529411764706
0.529411764706
0.529411764706
0.529411764706
0.522058823529
0.529411764706
0.529411764706
0.522058823529
0.514705882353
0.514705882353
0.536764705882
0.536764705882
0.536764705882
0.536764705882
