TYR_226 -6.9336 2.88794 3.35367 0.04076 0.01553 0 0 0 0 0 0 -0.25275 0.01223 3.76677 0.15539 0 0.1625 3.20843
TYR_226 -6.95502 2.91553 3.35306 0.04076 0.02996 0 0 0 0 0 0 -0.25275 0.01223 3.76677 0.15539 0 0.1625 3.22843
TYR_226 -6.98007 2.91553 3.35538 0.04076 0.03512 0 0 0 0 0 0 -0.25275 0.01223 3.76677 0.15539 0 0.1625 3.21086
TYR_226 -6.98007 2.91553 3.35538 0.04076 0.03512 0 0 0 0 0 0 -0.25275 0.01223 3.76677 0.15539 0 0.1625 3.21086
TYR_226 -6.9661 2.91553 3.33876 0.04076 0.04473 0 0 0 0 0 0 -0.25275 0.01223 3.76677 0.15539 0 0.1625 3.21782
TYR_226 -6.97333 2.91553 3.35057 0.04076 0.05171 0 0 0 0 0 0 -0.25275 0.01223 3.76677 0.15539 0 0.1625 3.22938
TYR_226 -7.04962 2.91553 3.39899 0.04076 0.00886 0 0 0 0 0 0 -0.25275 0.01223 3.76677 0.15539 0 0.1625 3.15865
TYR_226 -7.08543 2.95431 3.39524 0.04076 0.01106 0 0 0 0 0 0 -0.25275 0.01223 3.76677 0.15539 0 0.1625 3.16007
TYR_226 -7.01622 2.96831 3.34135 0.04076 0.04501 0 0 0 0 0 0 -0.25275 0.01223 3.76677 0.15539 0 0.1625 3.22334
TYR_226 -6.99526 3.16955 3.3143 0.04076 0.02799 0 0 0 0 0 0 -0.25275 0.01223 3.76677 0.15539 0 0.1625 3.40147
TYR_226 -5.51217 0.51089 2.74736 0.04045 -0.1914 0 0 0 0 0 0 -0.26009 0.01217 3.78438 0.09117 0 0.1625 1.38526
TYR_226 -5.57127 0.53236 2.78448 0.04045 -0.21869 0 0 0 0 0 0 -0.26009 0.01217 3.78438 0.09117 0 0.1625 1.35746
TYR_226 -5.75554 0.53329 2.83007 0.04045 -0.19286 0 0 0 0 0 0 -0.26009 0.01217 3.78438 0.09117 0 0.1625 1.24555
TYR_226 -5.6743 0.53311 2.78282 0.04045 -0.17352 0 0 0 0 0 0 -0.26009 0.01217 3.78438 0.09117 0 0.1625 1.29869
TYR_226 -6.74209 1.30658 3.24689 0.04046 -0.0919 0 0 0 0 0 0 -0.26004 0.01257 3.77949 0.09059 0 0.1625 1.54503
TYR_226 -6.6912 1.98469 2.95373 0.04046 -0.03889 0 0 0 0 0 0 -0.26004 0.01257 3.77949 0.09059 0 0.1625 2.03388
TYR_226 -6.75862 0.98374 3.18188 0.04046 -0.06646 0 0 0 0 0 0 -0.26004 0.01257 3.77949 0.09059 0 0.1625 1.1661
TYR_226 -6.75862 0.98374 3.18188 0.04046 -0.06646 0 0 0 0 0 0 -0.26004 0.01257 3.77949 0.09059 0 0.1625 1.1661
TYR_226 -6.75876 0.98374 3.18206 0.04046 -0.0665 0 0 0 0 0 0 -0.26004 0.01257 3.77949 0.09059 0 0.1625 1.16609
TYR_226 -6.75876 0.98374 3.18206 0.04046 -0.0665 0 0 0 0 0 0 -0.26004 0.01257 3.77949 0.09059 0 0.1625 1.16609
TYR_226 -6.63178 0.75303 3.1319 0.0404 -0.11382 0 0 0 0 0 0 -0.26034 0.0125 3.78501 0.09201 0 0.1625 0.97141
TYR_226 -6.77217 0.88345 3.17765 0.0404 -0.23006 0 0 0 0 0 0 -0.26034 0.0125 3.78501 0.09201 0 0.1625 0.89094
TYR_226 -6.7785 0.91549 3.17525 0.0404 -0.20037 0 0 0 0 0 0 -0.26034 0.0125 3.78501 0.09201 0 0.1625 0.94395
TYR_226 -6.56697 0.78148 2.99632 0.0404 -0.15132 0 0 0 0 0 0 -0.26034 0.0125 3.78501 0.09201 0 0.1625 0.89158
TYR_226 -6.56859 0.77959 2.99054 0.0404 -0.15447 0 0 0 0 0 0 -0.26034 0.0125 3.78501 0.09201 0 0.1625 0.87914
TYR_226 -6.56544 0.77959 2.98939 0.0404 -0.1533 0 0 0 0 0 0 -0.26034 0.0125 3.78501 0.09201 0 0.1625 0.88231
TYR_226 -6.51227 1.1232 2.87788 0.0404 -0.08811 0 0 0 0 0 0 -0.26034 0.0125 3.78501 0.09201 0 0.1625 1.23277
TYR_226 -6.51227 1.1232 2.87788 0.0404 -0.08811 0 0 0 0 0 0 -0.26034 0.0125 3.78501 0.09201 0 0.1625 1.23277
TYR_226 -6.36447 0.80736 2.81243 0.04041 -0.06883 0 0 0 0 0 0 -0.21203 0.01228 3.74396 0.14511 0 0.1625 1.07873
TYR_226 -6.38693 0.95533 2.79041 0.04041 -0.05872 0 0 0 0 0 0 -0.21203 0.01228 3.74396 0.14511 0 0.1625 1.19232
TYR_226 -6.38427 0.95512 2.79009 0.04041 -0.05843 0 0 0 0 0 0 -0.21203 0.01228 3.74396 0.14511 0 0.1625 1.19474
TYR_226 -6.37102 0.95512 2.78056 0.04041 -0.05078 0 0 0 0 0 0 -0.21203 0.01228 3.74396 0.14511 0 0.1625 1.20613
TYR_226 -6.31421 0.96248 2.74304 0.04043 -0.00438 0 0 0 0 0 0 -0.1299 0.01242 3.72688 0.1652 0 0.1625 1.36446
TYR_226 -6.34139 0.90789 2.73961 0.04043 -0.00725 0 0 0 0 0 0 -0.1299 0.01242 3.72688 0.1652 0 0.1625 1.27638
TYR_226 -6.36996 0.80356 2.82621 0.04043 -0.05565 0 0 0 0 0 0 -0.1299 0.01242 3.72688 0.1652 0 0.1625 1.18169
TYR_226 -6.51556 0.99612 2.89232 0.0405 -0.03129 0 0 0 0 0 0 -0.11499 0.01242 3.73447 0.18332 0 0.1625 1.35981
TYR_226 -6.57507 1.00202 2.92694 0.0405 -0.0532 0 0 0 0 0 0 -0.11499 0.01242 3.73447 0.18332 0 0.1625 1.31891
TYR_226 -6.57539 1.00017 2.9276 0.0405 -0.05275 0 0 0 0 0 0 -0.11499 0.01242 3.73447 0.18332 0 0.1625 1.31785
TYR_226 -6.57169 0.92153 2.93226 0.0405 -0.03072 0 0 0 0 0 0 -0.11499 0.01242 3.73447 0.18332 0 0.1625 1.2696
TYR_226 -6.51166 0.92815 2.93535 0.0405 -0.02783 0 0 0 0 0 0 -0.11499 0.01242 3.73447 0.18332 0 0.1625 1.34223
TYR_226 -6.51114 0.92815 2.93599 0.0405 -0.02727 0 0 0 0 0 0 -0.11499 0.01242 3.73447 0.18332 0 0.1625 1.34395
TYR_226 -6.52088 0.97841 2.93375 0.0405 -0.02741 0 0 0 0 0 0 -0.11499 0.01242 3.73447 0.18332 0 0.1625 1.38208
TYR_226 -6.48616 1.02331 2.92532 0.0405 -0.02 0 0 0 0 0 0 -0.11499 0.01242 3.73447 0.18332 0 0.1625 1.46068
TYR_226 -6.53005 1.03511 2.92672 0.0405 -0.02643 0 0 0 0 0 0 -0.11499 0.01242 3.73447 0.18332 0 0.1625 1.42357
TYR_226 -6.53044 1.02447 2.92684 0.0405 -0.02816 0 0 0 0 0 0 -0.11499 0.01242 3.73447 0.18332 0 0.1625 1.41092
TYR_226 -6.53044 1.02447 2.92684 0.0405 -0.02816 0 0 0 0 0 0 -0.11499 0.01242 3.73447 0.18332 0 0.1625 1.41092
TYR_226 -6.55722 1.02592 2.94216 0.0405 -0.04186 0 0 0 0 0 0 -0.11499 0.01242 3.73447 0.18332 0 0.1625 1.38722
TYR_226 -6.40474 0.94666 2.90532 0.0405 -0.03821 0 0 0 0 0 0 -0.11499 0.01242 3.73447 0.18332 0 0.1625 1.42726
TYR_226 -6.29751 1.08607 2.84125 0.0405 0.00017 0 0 0 0 0 0 -0.11499 0.01242 3.73447 0.18332 0 0.1625 1.64819
TYR_226 -6.23838 1.08244 2.80958 0.0405 0.00585 0 0 0 0 0 0 -0.11499 0.01242 3.73447 0.18332 0 0.1625 1.6777
TYR_226 -6.23838 1.08244 2.80958 0.0405 0.00585 0 0 0 0 0 0 -0.11499 0.01242 3.73447 0.18332 0 0.1625 1.6777
TYR_226 -6.37266 0.90011 2.91388 0.0405 -0.0341 0 0 0 0 0 0 -0.11499 0.01242 3.73447 0.18332 0 0.1625 1.42544
TYR_226 -6.46652 0.91831 2.99884 0.0405 -0.09899 0 0 0 0 0 0 -0.11499 0.01242 3.73447 0.18332 0 0.1625 1.36986
TYR_226 -6.46652 0.91831 2.99884 0.0405 -0.09899 0 0 0 0 0 0 -0.11499 0.01242 3.73447 0.18332 0 0.1625 1.36986
TYR_226 -6.21031 0.91483 2.74907 0.0405 0.01266 0 0 0 0 0 0 -0.11499 0.01242 3.73447 0.18332 0 0.1625 1.48446
TYR_226 -6.12958 0.90737 2.70681 0.04049 0.01327 0 0 0 0 0 0 -0.1131 0.01232 3.73054 0.18151 0 0.1625 1.51212
TYR_226 -6.13825 0.94 2.65477 0.04049 0.05671 0 0 0 0 0 0 -0.1131 0.01232 3.73054 0.18151 0 0.1625 1.52748
TYR_226 -6.13954 0.93936 2.64928 0.04049 0.06471 0 0 0 0 0 0 -0.1131 0.01232 3.73054 0.18151 0 0.1625 1.52806
TYR_226 -6.1211 0.93936 2.63522 0.04049 0.06218 0 0 0 0 0 0 -0.1131 0.01232 3.73054 0.18151 0 0.1625 1.5299
TYR_226 -6.13244 0.94125 2.63725 0.04049 0.06522 0 0 0 0 0 0 -0.1131 0.01232 3.73054 0.18151 0 0.1625 1.52552
TYR_226 -6.13251 0.94125 2.63742 0.04049 0.06522 0 0 0 0 0 0 -0.1131 0.01232 3.73054 0.18151 0 0.1625 1.52561
TYR_226 -6.19599 0.94125 2.6899 0.04049 0.07069 0 0 0 0 0 0 -0.1131 0.01232 3.73054 0.18151 0 0.1625 1.5201
TYR_226 -6.00425 0.93737 2.58574 0.04049 0.099 0 0 0 0 0 0 -0.1131 0.01232 3.73054 0.18151 0 0.1625 1.63211
TYR_226 -6.02399 0.91393 2.60654 0.04049 0.08456 0 0 0 0 0 0 -0.1131 0.01232 3.73054 0.18151 0 0.1625 1.59529
TYR_226 -6.14736 1.10351 2.65423 0.04049 0.08638 0 0 0 0 0 0 -0.1131 0.01232 3.73054 0.18151 0 0.1625 1.711
TYR_226 -6.02948 1.10351 2.51603 0.04049 0.13605 0 0 0 0 0 0 -0.1131 0.01232 3.73054 0.18151 0 0.1625 1.74035
TYR_226 -6.0383 1.11432 2.52269 0.04049 0.1322 0 0 0 0 0 0 -0.1131 0.01232 3.73054 0.18151 0 0.1625 1.74516
TYR_226 -5.93101 0.89843 2.50065 0.04052 0.11921 0 0 0 0 0 0 -0.13344 0.01267 3.7315 0.19477 0 0.1625 1.5958
TYR_226 -5.91208 0.88666 2.49598 0.04052 0.10547 0 0 0 0 0 0 -0.13344 0.01267 3.7315 0.19477 0 0.1625 1.58455
TYR_226 -5.97441 1.03568 2.50577 0.04052 0.14188 0 0 0 0 0 0 -0.13344 0.01267 3.7315 0.19477 0 0.1625 1.71743
TYR_226 -5.9817 1.03897 2.50903 0.04052 0.14123 0 0 0 0 0 0 -0.13344 0.01267 3.7315 0.19477 0 0.1625 1.71604
TYR_226 -6.00811 0.95797 2.5647 0.04052 0.11169 0 0 0 0 0 0 -0.13344 0.01267 3.7315 0.19477 0 0.1625 1.63476
TYR_226 -5.95459 0.96385 2.5011 0.04052 0.13551 0 0 0 0 0 0 -0.13344 0.01267 3.7315 0.19477 0 0.1625 1.6544
TYR_226 -5.92829 0.77885 2.53275 0.04052 0.13649 0 0 0 0 0 0 -0.13344 0.01267 3.7315 0.19477 0 0.1625 1.52832
TYR_226 -5.91453 0.77885 2.52171 0.04052 0.14017 0 0 0 0 0 0 -0.13344 0.01267 3.7315 0.19477 0 0.1625 1.53471
TYR_226 -5.91453 0.77885 2.52171 0.04052 0.14016 0 0 0 0 0 0 -0.13344 0.01267 3.7315 0.19477 0 0.1625 1.53471
TYR_226 -6.00046 0.91339 2.56594 0.04052 0.12278 0 0 0 0 0 0 -0.13344 0.01267 3.7315 0.19477 0 0.1625 1.61017
TYR_226 -6.0043 0.90362 2.56698 0.04053 0.12236 0 0 0 0 0 0 -0.12631 0.01182 3.7303 0.18922 0 0.1625 1.59673
TYR_226 -6.07275 0.90362 2.62981 0.04053 0.08161 0 0 0 0 0 0 -0.12631 0.01182 3.7303 0.18922 0 0.1625 1.55036
TYR_226 -5.73377 0.91027 2.38512 0.04044 0.17715 0 0 0 0 0 0 -0.1388 0.0121 3.73111 0.20505 0 0.1625 1.75117
TYR_226 -5.73795 0.92024 2.38929 0.04044 0.17838 0 0 0 0 0 0 -0.1388 0.0121 3.73111 0.20505 0 0.1625 1.76235
TYR_226 -5.74057 0.91913 2.39488 0.04044 0.17969 0 0 0 0 0 0 -0.1388 0.0121 3.73111 0.20505 0 0.1625 1.76552
TYR_226 -5.71777 0.87148 2.40112 0.04044 0.17859 0 0 0 0 0 0 -0.1388 0.0121 3.73111 0.20505 0 0.1625 1.74582
TYR_226 -5.78244 0.87903 2.43352 0.04044 0.17024 0 0 0 0 0 0 -0.1388 0.0121 3.73111 0.20505 0 0.1625 1.71274
TYR_226 -5.69638 0.83624 2.41171 0.04044 0.16977 0 0 0 0 0 0 -0.1388 0.0121 3.73111 0.20505 0 0.1625 1.73374
TYR_226 -5.38929 0.47458 2.22003 0.04065 0.11199 0 0 0 0 0 0 -0.1434 0.0121 3.74106 0.10994 0 0.1625 1.34016
TYR_226 -5.38966 0.47458 2.22091 0.04065 0.11199 0 0 0 0 0 0 -0.1434 0.0121 3.74106 0.10994 0 0.1625 1.34066
TYR_226 -5.39157 0.47304 2.22741 0.04065 0.10952 0 0 0 0 0 0 -0.1434 0.0121 3.74106 0.10994 0 0.1625 1.34125
TYR_226 -5.32356 0.47608 2.19511 0.04065 0.11102 0 0 0 0 0 0 -0.1434 0.0121 3.74106 0.10994 0 0.1625 1.3815
TYR_226 -5.41115 0.47596 2.23094 0.04065 0.11832 0 0 0 0 0 0 -0.1434 0.0121 3.74106 0.10994 0 0.1625 1.33691
TYR_226 -5.40144 0.47596 2.21614 0.04065 0.09795 0 0 0 0 0 0 -0.1434 0.0121 3.74106 0.10994 0 0.1625 1.31146
TYR_226 -5.45408 0.48577 2.26182 0.04065 0.06851 0 0 0 0 0 0 -0.1434 0.0121 3.74106 0.10994 0 0.1625 1.28487
TYR_226 -5.85662 0.55708 2.44599 0.0407 0.06015 0 0 0 0 0 0 -0.14419 0.01156 3.74183 0.10949 0 0.1625 1.12847
TYR_226 -5.85931 0.56428 2.44927 0.0407 0.07057 0 0 0 0 0 0 -0.14419 0.01156 3.74183 0.10949 0 0.1625 1.1467
TYR_226 -5.88776 0.56428 2.47185 0.0407 0.05639 0 0 0 0 0 0 -0.14419 0.01156 3.74183 0.10949 0 0.1625 1.12664
TYR_226 -5.88959 0.56481 2.4733 0.0407 0.05554 0 0 0 0 0 0 -0.14419 0.01156 3.74183 0.10949 0 0.1625 1.12594
TYR_226 -5.88959 0.56481 2.4733 0.0407 0.05554 0 0 0 0 0 0 -0.14419 0.01156 3.74183 0.10949 0 0.1625 1.12594
TYR_226 -5.88445 0.54181 2.44455 0.0407 0.06614 0 0 0 0 0 0 -0.14419 0.01156 3.74183 0.10949 0 0.1625 1.08993
TYR_226 -5.88028 0.54181 2.43882 0.0407 0.06645 0 0 0 0 0 0 -0.14419 0.01156 3.74183 0.10949 0 0.1625 1.08869
TYR_226 -5.88632 0.52695 2.44623 0.0407 0.05816 0 0 0 0 0 0 -0.14419 0.01156 3.74183 0.10949 0 0.1625 1.0669
TYR_226 -5.91818 0.50558 2.44844 0.0407 0.06761 0 0 0 0 0 0 -0.14419 0.01156 3.74183 0.10949 0 0.1625 1.02534
