PRO_230 -2.15703 2.1632 0.69778 0.00581 -0.2084 19.0954 0 0 0 0 0 1.24273 0.0004 0.49264 1.54461 0 -0.25049 22.6266
PRO_230 -2.14849 2.1632 0.69065 0.00581 -0.20989 19.0954 0 0 0 0 0 1.24273 0.0004 0.49264 1.54461 0 -0.25049 22.6265
PRO_230 -2.15098 2.1632 0.69216 0.00581 -0.20957 19.0954 0 0 0 0 0 1.24273 0.0004 0.49264 1.54461 0 -0.25049 22.6259
PRO_230 -2.15098 2.1632 0.69216 0.00581 -0.20957 19.0954 0 0 0 0 0 1.24273 0.0004 0.49264 1.54461 0 -0.25049 22.6259
PRO_230 -2.1408 2.1632 0.68481 0.00581 -0.21053 19.0954 0 0 0 0 0 1.24273 0.0004 0.49264 1.54461 0 -0.25049 22.6277
PRO_230 -2.1408 2.1632 0.68481 0.00581 -0.21053 19.0954 0 0 0 0 0 1.24273 0.0004 0.49264 1.54461 0 -0.25049 22.6277
PRO_230 -2.1547 2.1632 0.68039 0.00581 -0.21265 19.0954 0 0 0 0 0 1.24273 0.0004 0.49264 1.54461 0 -0.25049 22.6073
PRO_230 -2.15633 2.1632 0.68023 0.00581 -0.21291 19.0954 0 0 0 0 0 1.24273 0.0004 0.49264 1.54461 0 -0.25049 22.6052
PRO_230 -2.16544 2.1632 0.689 0.00581 -0.21017 19.0954 0 0 0 0 0 1.24273 0.0004 0.49264 1.54461 0 -0.25049 22.6076
PRO_230 -2.16302 2.1632 0.68652 0.00581 -0.21098 19.0954 0 0 0 0 0 1.24273 0.0004 0.49264 1.54461 0 -0.25049 22.6068
PRO_230 -2.18953 2.16759 0.68593 0.00582 -0.21292 19.1166 0 0 0 0 0 1.24399 0.0004 0.49362 1.54475 0 -0.25049 22.6058
PRO_230 -2.19344 2.16759 0.68582 0.00582 -0.2132 19.1166 0 0 0 0 0 1.24399 0.0004 0.49362 1.54475 0 -0.25049 22.6015
PRO_230 -2.19344 2.16759 0.68582 0.00582 -0.2132 19.1166 0 0 0 0 0 1.24399 0.0004 0.49362 1.54475 0 -0.25049 22.6015
PRO_230 -2.19214 2.16759 0.68513 0.00582 -0.21374 19.1166 0 0 0 0 0 1.24399 0.0004 0.49362 1.54475 0 -0.25049 22.6016
PRO_230 -2.18812 2.16759 0.68509 0.00582 -0.21413 19.1166 0 0 0 0 0 1.24399 0.0004 0.49362 1.54475 0 -0.25049 22.6052
PRO_230 -2.18812 2.16759 0.68509 0.00582 -0.21413 19.1166 0 0 0 0 0 1.24399 0.0004 0.49362 1.54475 0 -0.25049 22.6052
PRO_230 -2.05249 2.16759 0.68781 0.00582 -0.20941 19.1166 0 0 0 0 0 1.24399 0.0004 0.49362 1.54475 0 -0.25049 22.7482
PRO_230 -2.05249 2.16759 0.68781 0.00582 -0.20941 19.1166 0 0 0 0 0 1.24399 0.0004 0.49362 1.54475 0 -0.25049 22.7482
PRO_230 -2.05249 2.16759 0.68781 0.00582 -0.20941 19.1166 0 0 0 0 0 1.24399 0.0004 0.49362 1.54475 0 -0.25049 22.7482
PRO_230 -2.05249 2.16759 0.68781 0.00582 -0.20941 19.1166 0 0 0 0 0 1.24399 0.0004 0.49362 1.54475 0 -0.25049 22.7482
PRO_230 -2.05464 2.16759 0.68914 0.00582 -0.20871 19.1166 0 0 0 0 0 1.24399 0.0004 0.49362 1.54475 0 -0.25049 22.7481
PRO_230 -2.05464 2.16759 0.68914 0.00582 -0.20871 19.1166 0 0 0 0 0 1.24399 0.0004 0.49362 1.54475 0 -0.25049 22.7481
PRO_230 -2.05489 2.16759 0.68939 0.00582 -0.20869 19.1166 0 0 0 0 0 1.24399 0.0004 0.49362 1.54475 0 -0.25049 22.7481
PRO_230 -2.06795 2.16759 0.68836 0.00582 -0.20943 19.1166 0 0 0 0 0 1.24399 0.0004 0.49362 1.54475 0 -0.25049 22.7333
PRO_230 -2.04642 2.16759 0.69012 0.00582 -0.20842 19.1166 0 0 0 0 0 1.24399 0.0004 0.49362 1.54475 0 -0.25049 22.7576
PRO_230 -2.20473 2.16759 0.6827 0.00582 -0.21518 19.1166 0 0 0 0 0 1.24399 0.0004 0.49362 1.54475 0 -0.25049 22.5851
PRO_230 -2.20473 2.16759 0.6827 0.00582 -0.21518 19.1166 0 0 0 0 0 1.24399 0.0004 0.49362 1.54475 0 -0.25049 22.5851
PRO_230 -2.20477 2.16759 0.68274 0.00582 -0.21518 19.1166 0 0 0 0 0 1.24399 0.0004 0.49362 1.54475 0 -0.25049 22.5851
PRO_230 -2.18804 2.16759 0.68339 0.00582 -0.21395 19.1166 0 0 0 0 0 1.24399 0.0004 0.49362 1.54475 0 -0.25049 22.6037
PRO_230 -2.18804 2.16759 0.68339 0.00582 -0.21395 19.1166 0 0 0 0 0 1.24399 0.0004 0.49362 1.54475 0 -0.25049 22.6037
PRO_230 -2.18804 2.16759 0.68339 0.00582 -0.21395 19.1166 0 0 0 0 0 1.24399 0.0004 0.49362 1.54475 0 -0.25049 22.6037
PRO_230 -2.19187 2.16759 0.68681 0.00582 -0.21279 19.1166 0 0 0 0 0 1.24399 0.0004 0.49362 1.54475 0 -0.25049 22.6045
PRO_230 -2.20601 2.16759 0.687 0.00582 -0.21229 19.1166 0 0 0 0 0 1.24399 0.0004 0.49362 1.54475 0 -0.25049 22.591
PRO_230 -2.20601 2.16759 0.687 0.00582 -0.21229 19.1166 0 0 0 0 0 1.24399 0.0004 0.49362 1.54475 0 -0.25049 22.591
PRO_230 -2.20598 2.16759 0.68697 0.00582 -0.21229 19.1166 0 0 0 0 0 1.24399 0.0004 0.49362 1.54475 0 -0.25049 22.591
PRO_230 -2.20553 2.16759 0.68648 0.00582 -0.21247 19.1166 0 0 0 0 0 1.24399 0.0004 0.49362 1.54475 0 -0.25049 22.5908
PRO_230 -2.19899 2.16759 0.68014 0.00582 -0.21431 19.1166 0 0 0 0 0 1.24399 0.0004 0.49362 1.54475 0 -0.25049 22.5892
PRO_230 -2.20883 2.16171 0.68215 0.00582 -0.21573 19.1166 0 0 0 0 0 1.24399 0.0004 0.49362 1.54475 0 -0.25049 22.574
PRO_230 -2.20748 2.16171 0.68218 0.00582 -0.2157 19.1166 0 0 0 0 0 1.24399 0.0004 0.49362 1.54475 0 -0.25049 22.5754
PRO_230 -2.20748 2.16171 0.68218 0.00582 -0.2157 19.1166 0 0 0 0 0 1.24399 0.0004 0.49362 1.54475 0 -0.25049 22.5754
PRO_230 -2.20748 2.16171 0.68218 0.00582 -0.2157 19.1166 0 0 0 0 0 1.24399 0.0004 0.49362 1.54475 0 -0.25049 22.5754
PRO_230 -2.20748 2.16171 0.68218 0.00582 -0.2157 19.1166 0 0 0 0 0 1.24399 0.0004 0.49362 1.54475 0 -0.25049 22.5754
PRO_230 -2.17715 2.16171 0.68899 0.00582 -0.21252 19.1166 0 0 0 0 0 1.24399 0.0004 0.49362 1.54475 0 -0.25049 22.6158
PRO_230 -2.17667 2.12938 0.68539 0.00581 -0.21324 19.1311 0 0 0 0 0 1.24534 0.00037 0.49399 1.54441 0 -0.25049 22.5954
PRO_230 -2.17676 2.12938 0.68345 0.00581 -0.21371 19.1311 0 0 0 0 0 1.24534 0.00037 0.49399 1.54441 0 -0.25049 22.5929
PRO_230 -2.17676 2.12938 0.68345 0.00581 -0.21371 19.1311 0 0 0 0 0 1.24534 0.00037 0.49399 1.54441 0 -0.25049 22.5929
PRO_230 -2.15105 2.12938 0.67998 0.00581 -0.21517 19.1311 0 0 0 0 0 1.24534 0.00037 0.49399 1.54441 0 -0.25049 22.6137
PRO_230 -2.15105 2.12938 0.67998 0.00581 -0.21517 19.1311 0 0 0 0 0 1.24534 0.00037 0.49399 1.54441 0 -0.25049 22.6137
PRO_230 -2.14679 2.12938 0.67757 0.00581 -0.21549 19.1311 0 0 0 0 0 1.24534 0.00037 0.49399 1.54441 0 -0.25049 22.6152
PRO_230 -2.0813 2.12938 0.6818 0.00581 -0.213 19.1311 0 0 0 0 0 1.24534 0.00037 0.49399 1.54441 0 -0.25049 22.6874
PRO_230 -2.0813 2.12938 0.6818 0.00581 -0.213 19.1311 0 0 0 0 0 1.24534 0.00037 0.49399 1.54441 0 -0.25049 22.6874
PRO_230 -2.14165 2.12938 0.70638 0.00581 -0.26281 19.1311 0 0 0 0 0 1.24534 0.00037 0.49399 1.54441 0 -0.25049 22.6018
PRO_230 -2.18536 2.12938 0.70326 0.00581 -0.26378 19.1311 0 0 0 0 0 1.24534 0.00037 0.49399 1.54441 0 -0.25049 22.554
PRO_230 -2.18536 2.12938 0.70326 0.00581 -0.26378 19.1311 0 0 0 0 0 1.24534 0.00037 0.49399 1.54441 0 -0.25049 22.554
PRO_230 -2.18352 2.12938 0.70265 0.00581 -0.26371 19.1311 0 0 0 0 0 1.24534 0.00037 0.49399 1.54441 0 -0.25049 22.5553
PRO_230 -2.18388 2.12938 0.70262 0.00581 -0.26362 19.1311 0 0 0 0 0 1.24534 0.00037 0.49399 1.54441 0 -0.25049 22.555
PRO_230 -2.18388 2.12938 0.70262 0.00581 -0.26362 19.1311 0 0 0 0 0 1.24534 0.00037 0.49399 1.54441 0 -0.25049 22.555
PRO_230 -2.18497 2.12938 0.70389 0.00581 -0.26413 19.1311 0 0 0 0 0 1.24534 0.00037 0.49399 1.54441 0 -0.25049 22.5547
PRO_230 -2.18336 2.12938 0.70218 0.00581 -0.2634 19.1311 0 0 0 0 0 1.24534 0.00037 0.49399 1.54441 0 -0.25049 22.5553
PRO_230 -2.18528 2.12938 0.70199 0.00581 -0.26344 19.1311 0 0 0 0 0 1.24534 0.00037 0.49399 1.54441 0 -0.25049 22.5532
PRO_230 -2.18528 2.12938 0.70199 0.00581 -0.26344 19.1311 0 0 0 0 0 1.24534 0.00037 0.49399 1.54441 0 -0.25049 22.5532
PRO_230 -2.18253 2.12938 0.70205 0.00581 -0.26586 19.1311 0 0 0 0 0 1.24534 0.00037 0.49399 1.54441 0 -0.25049 22.5535
PRO_230 -2.15289 2.12938 0.67331 0.00581 -0.25807 19.1311 0 0 0 0 0 1.24534 0.00037 0.49399 1.54441 0 -0.25049 22.5622
PRO_230 -2.16596 2.12938 0.68062 0.00581 -0.2614 19.1311 0 0 0 0 0 1.24534 0.00037 0.49399 1.54441 0 -0.25049 22.5532
PRO_230 -2.16596 2.12938 0.68062 0.00581 -0.2614 19.1311 0 0 0 0 0 1.24534 0.00037 0.49399 1.54441 0 -0.25049 22.5532
PRO_230 -2.16596 2.12938 0.68062 0.00581 -0.2614 19.1311 0 0 0 0 0 1.24534 0.00037 0.49399 1.54441 0 -0.25049 22.5532
PRO_230 -2.18556 2.12938 0.67993 0.00581 -0.26246 19.1311 0 0 0 0 0 1.24534 0.00037 0.49399 1.54441 0 -0.25049 22.5318
PRO_230 -2.12244 2.12484 0.67477 0.00581 -0.25598 19.1311 0 0 0 0 0 1.24534 0.00037 0.49399 1.54441 0 -0.25049 22.5917
PRO_230 -2.04616 2.12484 0.67888 0.00581 -0.25281 19.1311 0 0 0 0 0 1.24534 0.00037 0.49399 1.54441 0 -0.25049 22.6753
PRO_230 -2.04651 2.12484 0.67885 0.00581 -0.25283 19.1311 0 0 0 0 0 1.24534 0.00037 0.49399 1.54441 0 -0.25049 22.6749
PRO_230 -2.03533 2.12484 0.67941 0.00581 -0.25194 19.1311 0 0 0 0 0 1.24534 0.00037 0.49399 1.54441 0 -0.25049 22.6875
PRO_230 -2.03571 2.12484 0.67971 0.00581 -0.25208 19.1311 0 0 0 0 0 1.24534 0.00037 0.49399 1.54441 0 -0.25049 22.6873
PRO_230 -2.03506 2.12484 0.67937 0.00581 -0.25209 19.1311 0 0 0 0 0 1.24534 0.00037 0.49399 1.54441 0 -0.25049 22.6876
PRO_230 -2.01137 2.16564 0.67894 0.00581 -0.25657 19.0515 0 0 0 0 0 1.24382 0.00049 0.4882 1.54452 0 -0.25049 22.6605
PRO_230 -1.99991 2.16559 0.67523 0.00581 -0.25539 19.0515 0 0 0 0 0 1.24382 0.00049 0.4882 1.54452 0 -0.25049 22.6693
PRO_230 -2.01481 2.16559 0.67402 0.00581 -0.25628 19.0515 0 0 0 0 0 1.24382 0.00049 0.4882 1.54452 0 -0.25049 22.6523
PRO_230 -1.98741 2.16534 0.67388 0.00581 -0.25608 19.0515 0 0 0 0 0 1.24382 0.00049 0.4882 1.54452 0 -0.25049 22.6795
PRO_230 -1.96852 2.17072 0.67994 0.00581 -0.25279 19.0515 0 0 0 0 0 1.24382 0.00049 0.4882 1.54452 0 -0.25049 22.7132
PRO_230 -1.96844 2.17072 0.67988 0.00581 -0.25277 19.0515 0 0 0 0 0 1.24382 0.00049 0.4882 1.54452 0 -0.25049 22.7132
PRO_230 -1.95426 2.16161 0.67204 0.00581 -0.25222 19.1505 0 0 0 0 0 1.23929 0.00041 0.49132 1.54511 0 -0.25049 22.8091
PRO_230 -1.95647 2.16161 0.67206 0.00581 -0.24976 19.1505 0 0 0 0 0 1.23929 0.00041 0.49132 1.54511 0 -0.25049 22.8094
PRO_230 -1.96302 2.16161 0.6719 0.00581 -0.251 19.1505 0 0 0 0 0 1.23929 0.00041 0.49132 1.54511 0 -0.25049 22.8015
PRO_230 -1.9852 2.16185 0.67422 0.00581 -0.25141 19.1505 0 0 0 0 0 1.23929 0.00041 0.49132 1.54511 0 -0.25049 22.7814
PRO_230 -1.93298 2.16185 0.67897 0.00581 -0.25052 19.1505 0 0 0 0 0 1.23929 0.00041 0.49132 1.54511 0 -0.25049 22.8393
PRO_230 -1.98237 2.16185 0.67955 0.00581 -0.25482 19.1505 0 0 0 0 0 1.23929 0.00041 0.49132 1.54511 0 -0.25049 22.7862
PRO_230 -1.98237 2.16185 0.67955 0.00581 -0.25482 19.1505 0 0 0 0 0 1.23929 0.00041 0.49132 1.54511 0 -0.25049 22.7862
PRO_230 -2.03168 2.16185 0.67475 0.00581 -0.25774 19.1505 0 0 0 0 0 1.23929 0.00041 0.49132 1.54511 0 -0.25049 22.7292
PRO_230 -2.10895 2.16185 0.67311 0.00581 -0.2603 19.1505 0 0 0 0 0 1.23929 0.00041 0.49132 1.54511 0 -0.25049 22.6477
PRO_230 -2.12735 2.16185 0.67275 0.00581 -0.26121 19.1505 0 0 0 0 0 1.23929 0.00041 0.49132 1.54511 0 -0.25049 22.628
PRO_230 -2.12735 2.16185 0.67275 0.00581 -0.26122 19.1505 0 0 0 0 0 1.23929 0.00041 0.49132 1.54511 0 -0.25049 22.628
PRO_230 -2.12713 2.16185 0.67237 0.00581 -0.26093 19.1505 0 0 0 0 0 1.23929 0.00041 0.49132 1.54511 0 -0.25049 22.6282
PRO_230 -2.14017 2.16343 0.66902 0.00581 -0.2605 19.1505 0 0 0 0 0 1.23929 0.00041 0.49132 1.54511 0 -0.25049 22.6138
PRO_230 -2.03578 2.16343 0.67185 0.00581 -0.25668 19.1505 0 0 0 0 0 1.23929 0.00041 0.49132 1.54511 0 -0.25049 22.7248
PRO_230 -2.02498 2.16343 0.67215 0.00581 -0.25525 19.1505 0 0 0 0 0 1.23929 0.00041 0.49132 1.54511 0 -0.25049 22.7373
PRO_230 -2.0266 2.16343 0.67446 0.00581 -0.25663 19.1505 0 0 0 0 0 1.23929 0.00041 0.49132 1.54511 0 -0.25049 22.7366
PRO_230 -2.129 2.16343 0.66919 0.00581 -0.26158 19.1505 0 0 0 0 0 1.23929 0.00041 0.49132 1.54511 0 -0.25049 22.624
PRO_230 -2.129 2.16343 0.66919 0.00581 -0.26158 19.1505 0 0 0 0 0 1.23929 0.00041 0.49132 1.54511 0 -0.25049 22.624
PRO_230 -2.10304 2.16343 0.64619 0.00581 -0.24832 19.1505 0 0 0 0 0 1.23929 0.00041 0.49132 1.54511 0 -0.25049 22.6402
PRO_230 -2.0178 2.16343 0.65165 0.00581 -0.24467 19.1505 0 0 0 0 0 1.23929 0.00041 0.49132 1.54511 0 -0.25049 22.7346
PRO_230 -2.0178 2.16343 0.65165 0.00581 -0.24467 19.1505 0 0 0 0 0 1.23929 0.00041 0.49132 1.54511 0 -0.25049 22.7346
PRO_230 -2.0178 2.16343 0.65165 0.00581 -0.24467 19.1505 0 0 0 0 0 1.23929 0.00041 0.49132 1.54511 0 -0.25049 22.7346
