LYS_228 -5.61542 1.41626 3.07101 0.01051 -0.22669 0 0 0 0 0 0 -0.06528 0.19156 2.09058 0.24507 0 -0.35857 0.75902
LYS_228 -5.55488 1.45259 3.0443 0.01051 -0.22388 0 0 0 0 0 0 -0.06528 0.19156 2.09058 0.24507 0 -0.35857 0.83199
LYS_228 -5.64473 1.4151 3.09245 0.01051 -0.22612 0 0 0 0 0 0 -0.06528 0.19156 2.09058 0.24507 0 -0.35857 0.75057
LYS_228 -5.64473 1.4151 3.09247 0.01051 -0.22657 0 0 0 0 0 0 -0.06528 0.19156 2.09058 0.24507 0 -0.35857 0.75014
LYS_228 -5.62242 1.4151 3.0712 0.01051 -0.22524 0 0 0 0 0 0 -0.06528 0.19156 2.09058 0.24507 0 -0.35857 0.75251
LYS_228 -5.57772 1.22349 3.05246 0.01051 -0.23763 0 0 0 0 0 0 -0.06528 0.19156 2.09058 0.24507 0 -0.35857 0.57447
LYS_228 -5.62738 1.2126 3.07781 0.01051 -0.23571 0 0 0 0 0 0 -0.06528 0.19156 2.09058 0.24507 0 -0.35857 0.54118
LYS_228 -5.64284 1.20915 3.08449 0.01051 -0.23639 0 0 0 0 0 0 -0.06528 0.19156 2.09058 0.24507 0 -0.35857 0.52828
LYS_228 -5.6379 1.20915 3.07993 0.01051 -0.24075 0 0 0 0 0 0 -0.06528 0.19156 2.09058 0.24507 0 -0.35857 0.5243
LYS_228 -5.70065 1.31232 3.09735 0.01051 -0.23556 0 0 0 0 0 0 -0.06528 0.19156 2.09058 0.24507 0 -0.35857 0.58732
LYS_228 -6.01569 1.5053 3.23642 0.01049 -0.15592 0 0 0 0 0 0 -0.06528 0.19156 2.09059 0.24507 0 -0.35857 0.68396
LYS_228 -6.03923 1.5525 3.24645 0.01049 -0.15904 0 0 0 0 0 0 -0.06528 0.19156 2.09059 0.24507 0 -0.35857 0.71454
LYS_228 -6.02283 1.4305 3.2247 0.01049 -0.16215 0 0 0 0 0 0 -0.06528 0.19156 2.09059 0.24507 0 -0.35857 0.58408
LYS_228 -5.94571 1.46719 3.18593 0.01049 -0.16619 0 0 0 0 0 0 -0.06528 0.19156 2.09059 0.24507 0 -0.35857 0.65507
LYS_228 -5.76673 1.1511 3.08888 0.01049 -0.21938 0 0 0 0 0 0 -0.06528 0.19156 2.09059 0.24507 0 -0.35857 0.36773
LYS_228 -5.76404 1.1331 3.08384 0.01049 -0.21863 0 0 0 0 0 0 -0.06528 0.19156 2.09059 0.24507 0 -0.35857 0.34812
LYS_228 -5.57131 0.91082 3.02121 0.01049 -0.20057 0 0 0 0 0 0 -0.06528 0.19156 2.09059 0.24507 0 -0.35857 0.27401
LYS_228 -5.56516 0.91082 3.01724 0.01049 -0.20014 0 0 0 0 0 0 -0.06528 0.19156 2.09059 0.24507 0 -0.35857 0.27661
LYS_228 -5.57651 0.9142 3.0258 0.01049 -0.20077 0 0 0 0 0 0 -0.06528 0.19156 2.09059 0.24507 0 -0.35857 0.27656
LYS_228 -5.57651 0.9142 3.0258 0.01049 -0.20077 0 0 0 0 0 0 -0.06528 0.19156 2.09059 0.24507 0 -0.35857 0.27656
LYS_228 -5.75922 0.91103 3.11581 0.01049 -0.19979 0 0 0 0 0 0 -0.06528 0.19156 2.09059 0.24507 0 -0.35857 0.18169
LYS_228 -5.73422 0.88904 3.10388 0.01049 -0.20494 0 0 0 0 0 0 -0.06528 0.19156 2.09059 0.24507 0 -0.35857 0.16761
LYS_228 -5.77867 0.90248 3.12325 0.01049 -0.2111 0 0 0 0 0 0 -0.06528 0.19156 2.09059 0.24507 0 -0.35857 0.14981
LYS_228 -5.78945 0.90479 3.12837 0.01049 -0.20952 0 0 0 0 0 0 -0.06528 0.19156 2.09059 0.24507 0 -0.35857 0.14804
LYS_228 -5.80453 0.99714 3.16164 0.01049 -0.2108 0 0 0 0 0 0 -0.06528 0.19156 2.09059 0.24507 0 -0.35857 0.25731
LYS_228 -5.81081 0.99488 3.14931 0.01049 -0.19852 0 0 0 0 0 0 -0.06528 0.19156 2.09059 0.24507 0 -0.35857 0.24872
LYS_228 -5.81211 0.99481 3.15332 0.01049 -0.20059 0 0 0 0 0 0 -0.06528 0.19156 2.09059 0.24507 0 -0.35857 0.24928
LYS_228 -5.81611 0.99481 3.16184 0.01049 -0.19691 0 0 0 0 0 0 -0.06528 0.19156 2.09059 0.24507 0 -0.35857 0.25749
LYS_228 -5.85935 0.91285 3.1833 0.01049 -0.17664 0 0 0 0 0 0 -0.06528 0.19156 2.09059 0.24507 0 -0.35857 0.17402
LYS_228 -5.8595 0.91285 3.18355 0.01049 -0.17664 0 0 0 0 0 0 -0.06528 0.19156 2.09059 0.24507 0 -0.35857 0.17411
LYS_228 -5.85571 0.88478 3.17739 0.01049 -0.17669 0 0 0 0 0 0 -0.06528 0.19156 2.09059 0.24507 0 -0.35857 0.14362
LYS_228 -5.8776 0.89487 3.18489 0.01049 -0.18344 0 0 0 0 0 0 -0.06528 0.19156 2.09059 0.24507 0 -0.35857 0.13257
LYS_228 -5.9023 0.86684 3.18537 0.01049 -0.15795 0 0 0 0 0 0 -0.06528 0.19156 2.09059 0.24507 0 -0.35857 0.10582
LYS_228 -5.90243 0.85784 3.18451 0.01049 -0.15695 0 0 0 0 0 0 -0.06528 0.19156 2.09059 0.24507 0 -0.35857 0.09683
LYS_228 -5.90145 0.87326 3.18253 0.01049 -0.16103 0 0 0 0 0 0 -0.06528 0.19156 2.09059 0.24507 0 -0.35857 0.10717
LYS_228 -5.9578 1.04677 3.23057 0.01049 -0.16426 0 0 0 0 0 0 -0.06528 0.19156 2.09059 0.24507 0 -0.35857 0.26914
LYS_228 -6.0086 1.04022 3.26159 0.01049 -0.16339 0 0 0 0 0 0 -0.06528 0.19156 2.09059 0.24507 0 -0.35857 0.24367
LYS_228 -5.99627 1.04022 3.2562 0.01049 -0.16453 0 0 0 0 0 0 -0.06528 0.19156 2.09059 0.24507 0 -0.35857 0.24947
LYS_228 -5.95048 1.006 3.23981 0.01049 -0.15848 0 0 0 0 0 0 -0.06528 0.19156 2.09059 0.24507 0 -0.35857 0.25071
LYS_228 -5.95048 1.006 3.23981 0.01049 -0.1585 0 0 0 0 0 0 -0.06528 0.19156 2.09059 0.24507 0 -0.35857 0.2507
LYS_228 -5.98467 1.03153 3.26086 0.01049 -0.16156 0 0 0 0 0 0 -0.06528 0.19156 2.09059 0.24507 0 -0.35857 0.26002
LYS_228 -5.97271 0.9919 3.23201 0.01049 -0.16485 0 0 0 0 0 0 -0.06528 0.19156 2.09059 0.24507 0 -0.35857 0.2002
LYS_228 -5.97287 1.08149 3.21939 0.01049 -0.17477 0 0 0 0 0 0 -0.06528 0.19156 2.09059 0.24507 0 -0.35857 0.2671
LYS_228 -6.04468 1.26449 3.30148 0.01048 -0.20795 0 0 0 0 0 0 -0.06447 0.19036 2.09041 0.24586 0 -0.35857 0.4274
LYS_228 -6.04327 1.26489 3.30024 0.01048 -0.20636 0 0 0 0 0 0 -0.06447 0.19036 2.09041 0.24586 0 -0.35857 0.42956
LYS_228 -6.04309 1.26489 3.29859 0.01048 -0.20636 0 0 0 0 0 0 -0.06447 0.19036 2.09041 0.24586 0 -0.35857 0.42809
LYS_228 -6.08422 1.30203 3.3312 0.01048 -0.20195 0 0 0 0 0 0 -0.06447 0.19036 2.09041 0.24586 0 -0.35857 0.46112
LYS_228 -6.07156 1.29196 3.3242 0.01048 -0.20092 0 0 0 0 0 0 -0.06447 0.19036 2.09041 0.24586 0 -0.35857 0.45775
LYS_228 -5.69408 1.26229 3.14633 0.01048 -0.17339 0 0 0 0 0 0 -0.06447 0.19036 2.09041 0.24586 0 -0.35857 0.65522
LYS_228 -5.66125 1.07211 3.12622 0.01048 -0.19714 0 0 0 0 0 0 -0.06447 0.19036 2.09041 0.24586 0 -0.35857 0.45399
LYS_228 -5.66119 1.07211 3.12559 0.01048 -0.19714 0 0 0 0 0 0 -0.06447 0.19036 2.09041 0.24586 0 -0.35857 0.45343
LYS_228 -5.85212 1.06008 3.25247 0.01048 -0.07805 0 0 0 0 0 0 -0.06447 0.19036 2.09041 0.24586 0 -0.35857 0.49644
LYS_228 -5.71072 0.9813 2.96861 0.01048 -0.05067 0 0 0 0 0 0 -0.06447 0.19036 2.09041 0.24586 0 -0.35857 0.30258
LYS_228 -5.75657 1.01519 3.00126 0.01048 -0.05525 0 0 0 0 0 0 -0.06447 0.19036 2.09041 0.24586 0 -0.35857 0.31869
LYS_228 -5.75253 1.01372 2.99829 0.01048 -0.05711 0 0 0 0 0 0 -0.06447 0.19036 2.09041 0.24586 0 -0.35857 0.31643
LYS_228 -5.78446 1.06494 3.01108 0.01048 -0.04959 0 0 0 0 0 0 -0.06447 0.19036 2.09041 0.24586 0 -0.35857 0.35603
LYS_228 -5.82353 1.13843 3.03227 0.01048 -0.04899 0 0 0 0 0 0 -0.06447 0.19036 2.09041 0.24586 0 -0.35857 0.41224
LYS_228 -5.86686 1.13743 3.04959 0.01048 -0.05486 0 0 0 0 0 0 -0.06447 0.19036 2.09041 0.24586 0 -0.35857 0.37937
LYS_228 -5.83501 1.14758 3.03024 0.01048 -0.06482 0 0 0 0 0 0 -0.06447 0.19036 2.09041 0.24586 0 -0.35857 0.39204
LYS_228 -5.83627 1.14755 3.03079 0.01048 -0.06484 0 0 0 0 0 0 -0.06447 0.19036 2.09041 0.24586 0 -0.35857 0.3913
LYS_228 -5.83627 1.14755 3.03079 0.01048 -0.06484 0 0 0 0 0 0 -0.06447 0.19036 2.09041 0.24586 0 -0.35857 0.3913
LYS_228 -5.92227 1.12455 3.06542 0.01048 -0.06985 0 0 0 0 0 0 -0.06447 0.19036 2.09041 0.24586 0 -0.35857 0.31191
LYS_228 -5.60813 1.12872 2.88793 0.01048 -0.07732 0 0 0 0 0 0 -0.06447 0.19036 2.09041 0.24586 0 -0.35857 0.44525
LYS_228 -5.67104 1.14724 2.92255 0.01048 -0.081 0 0 0 0 0 0 -0.06447 0.19036 2.09041 0.24586 0 -0.35857 0.4318
LYS_228 -5.67122 1.14724 2.92285 0.01048 -0.0809 0 0 0 0 0 0 -0.06447 0.19036 2.09041 0.24586 0 -0.35857 0.43202
LYS_228 -5.66795 1.14724 2.92056 0.01048 -0.08024 0 0 0 0 0 0 -0.06447 0.19036 2.09041 0.24586 0 -0.35857 0.43366
LYS_228 -5.68242 1.1712 2.92739 0.01048 -0.08013 0 0 0 0 0 0 -0.06447 0.19036 2.09041 0.24586 0 -0.35857 0.4501
LYS_228 -5.68731 1.15502 2.93074 0.01048 -0.08152 0 0 0 0 0 0 -0.06447 0.19036 2.09041 0.24586 0 -0.35857 0.431
LYS_228 -5.71051 1.15666 2.92763 0.01048 -0.07024 0 0 0 0 0 0 -0.06447 0.19036 2.09041 0.24586 0 -0.35857 0.41759
LYS_228 -5.71044 1.15662 2.92767 0.01048 -0.07019 0 0 0 0 0 0 -0.06447 0.19036 2.09041 0.24586 0 -0.35857 0.41771
LYS_228 -5.72159 1.12559 2.9326 0.01048 -0.07414 0 0 0 0 0 0 -0.06447 0.19036 2.09041 0.24586 0 -0.35857 0.37652
LYS_228 -5.7227 1.12559 2.93299 0.01048 -0.07363 0 0 0 0 0 0 -0.06447 0.19036 2.09041 0.24586 0 -0.35857 0.3763
LYS_228 -5.72073 1.12559 2.9323 0.01048 -0.07308 0 0 0 0 0 0 -0.06447 0.19036 2.09041 0.24586 0 -0.35857 0.37813
LYS_228 -5.59159 0.92224 2.89053 0.01048 -0.06631 0 0 0 0 0 0 -0.06447 0.19036 2.09041 0.24586 0 -0.35857 0.26892
LYS_228 -5.56285 0.94774 2.87908 0.01048 -0.0638 0 0 0 0 0 0 -0.06447 0.19036 2.09041 0.24586 0 -0.35857 0.31423
LYS_228 -5.55048 0.92384 2.87445 0.01048 -0.06234 0 0 0 0 0 0 -0.06447 0.19036 2.09041 0.24586 0 -0.35857 0.29952
LYS_228 -5.54726 0.92384 2.87157 0.01048 -0.06116 0 0 0 0 0 0 -0.06447 0.19036 2.09041 0.24586 0 -0.35857 0.30104
LYS_228 -5.47146 0.85081 2.79805 0.01051 -0.04043 0 0 0 0 0 0 -0.06642 0.19567 2.08998 0.24405 0 -0.35857 0.25218
LYS_228 -5.47054 0.85081 2.79761 0.01051 -0.04042 0 0 0 0 0 0 -0.06642 0.19567 2.08998 0.24405 0 -0.35857 0.25267
LYS_228 -5.44998 0.74995 2.82168 0.01049 -0.08083 0 0 0 0 0 0 -0.06421 0.18872 2.09087 0.24605 0 -0.35857 0.15418
LYS_228 -5.46415 0.75944 2.82796 0.01049 -0.07384 0 0 0 0 0 0 -0.06421 0.18872 2.09087 0.24605 0 -0.35857 0.16277
LYS_228 -5.44745 0.77315 2.82083 0.01049 -0.07235 0 0 0 0 0 0 -0.06421 0.18872 2.09087 0.24605 0 -0.35857 0.18754
LYS_228 -5.32865 0.73592 2.7669 0.01049 -0.06072 0 0 0 0 0 0 -0.06421 0.18872 2.09087 0.24605 0 -0.35857 0.22681
LYS_228 -5.27357 0.71988 2.74164 0.01049 -0.07351 0 0 0 0 0 0 -0.06421 0.18872 2.09087 0.24605 0 -0.35857 0.22781
LYS_228 -5.3179 0.87265 2.76602 0.01049 -0.07445 0 0 0 0 0 0 -0.06421 0.18872 2.09087 0.24605 0 -0.35857 0.35969
LYS_228 -5.33295 0.89506 2.77779 0.01049 -0.0722 0 0 0 0 0 0 -0.06421 0.18872 2.09087 0.24605 0 -0.35857 0.38108
LYS_228 -5.33412 0.96149 2.77957 0.01049 -0.07306 0 0 0 0 0 0 -0.06421 0.18872 2.09087 0.24605 0 -0.35857 0.44725
LYS_228 -5.36277 0.92921 2.78483 0.01049 -0.07066 0 0 0 0 0 0 -0.06421 0.18872 2.09087 0.24605 0 -0.35857 0.39397
LYS_228 -5.32694 0.85637 2.75886 0.01049 -0.09309 0 0 0 0 0 0 -0.06421 0.18872 2.09087 0.24605 0 -0.35857 0.30856
LYS_228 -5.40101 0.98109 2.81494 0.01049 -0.05146 0 0 0 0 0 0 -0.06421 0.18872 2.09087 0.24605 0 -0.35857 0.45692
LYS_228 -5.38793 0.99351 2.80945 0.01049 -0.05115 0 0 0 0 0 0 -0.06421 0.18872 2.09087 0.24605 0 -0.35857 0.47724
LYS_228 -5.42305 1.01833 2.82706 0.01049 -0.0498 0 0 0 0 0 0 -0.06421 0.18872 2.09087 0.24605 0 -0.35857 0.4859
LYS_228 -5.24716 0.76107 2.77319 0.01049 -0.08797 0 0 0 0 0 0 -0.06421 0.18872 2.09087 0.24605 0 -0.35857 0.3125
LYS_228 -5.27262 0.80449 2.79151 0.01049 -0.09875 0 0 0 0 0 0 -0.06421 0.18872 2.09087 0.24605 0 -0.35857 0.338
LYS_228 -5.34987 0.77404 2.82297 0.01049 -0.09914 0 0 0 0 0 0 -0.06421 0.18872 2.09087 0.24605 0 -0.35857 0.26137
LYS_228 -5.3392 0.76538 2.80582 0.01049 -0.08354 0 0 0 0 0 0 -0.06421 0.18872 2.09087 0.24605 0 -0.35857 0.26183
LYS_228 -5.3392 0.76538 2.80582 0.01049 -0.08354 0 0 0 0 0 0 -0.06421 0.18872 2.09087 0.24605 0 -0.35857 0.26183
LYS_228 -4.92333 0.71577 2.6007 0.01049 -0.09315 0 0 0 0 0 0 -0.06421 0.18872 2.09087 0.24605 0 -0.35857 0.41337
LYS_228 -4.93742 0.72264 2.618 0.01049 -0.10644 0 0 0 0 0 0 -0.06421 0.18872 2.09087 0.24605 0 -0.35857 0.41014
LYS_228 -4.93742 0.72264 2.618 0.01049 -0.10644 0 0 0 0 0 0 -0.06421 0.18872 2.09087 0.24605 0 -0.35857 0.41014
LYS_228 -4.94215 0.72264 2.61949 0.01049 -0.1076 0 0 0 0 0 0 -0.06421 0.18872 2.09087 0.24605 0 -0.35857 0.40575
