ARG:CtermProteinFull_231 -1.15042 1.97715 0.91426 0.0701 -0.27245 0 0 0 0 0 0 0 0 2.1485 0 0 -0.32436 3.36278
ARG:CtermProteinFull_231 -1.15042 1.97715 0.91426 0.0701 -0.27247 0 0 0 0 0 0 0 0 2.1485 0 0 -0.32436 3.36275
ARG:CtermProteinFull_231 -1.15042 1.97715 0.91426 0.0701 -0.27247 0 0 0 0 0 0 0 0 2.1485 0 0 -0.32436 3.36275
ARG:CtermProteinFull_231 -1.15011 1.97715 0.91362 0.0701 -0.27195 0 0 0 0 0 0 0 0 2.1485 0 0 -0.32436 3.36295
ARG:CtermProteinFull_231 -1.15011 1.97715 0.91362 0.0701 -0.27195 0 0 0 0 0 0 0 0 2.1485 0 0 -0.32436 3.36295
ARG:CtermProteinFull_231 -1.15011 1.97715 0.91362 0.0701 -0.27192 0 0 0 0 0 0 0 0 2.1485 0 0 -0.32436 3.36298
ARG:CtermProteinFull_231 -1.16126 1.98783 0.92759 0.0701 -0.28246 0 0 0 0 0 0 0 0 2.1485 0 0 -0.32436 3.36593
ARG:CtermProteinFull_231 -1.16752 1.99026 0.93718 0.0701 -0.28349 0 0 0 0 0 0 0 0 2.1485 0 0 -0.32436 3.37067
ARG:CtermProteinFull_231 -1.16752 1.99026 0.93718 0.0701 -0.28349 0 0 0 0 0 0 0 0 2.1485 0 0 -0.32436 3.37067
ARG:CtermProteinFull_231 -1.16752 1.99026 0.93718 0.0701 -0.28349 0 0 0 0 0 0 0 0 2.1485 0 0 -0.32436 3.37067
ARG:CtermProteinFull_231 -1.20451 2.02336 0.96219 0.07021 -0.2895 0 0 0 0 0 0 0 0 2.15053 0 0 -0.32436 3.38792
ARG:CtermProteinFull_231 -1.21078 2.02995 0.96664 0.07021 -0.29048 0 0 0 0 0 0 0 0 2.15053 0 0 -0.32436 3.39171
ARG:CtermProteinFull_231 -1.21078 2.02995 0.96664 0.07021 -0.29048 0 0 0 0 0 0 0 0 2.15053 0 0 -0.32436 3.39171
ARG:CtermProteinFull_231 -1.21078 2.02995 0.96664 0.07021 -0.29048 0 0 0 0 0 0 0 0 2.15053 0 0 -0.32436 3.39171
ARG:CtermProteinFull_231 -1.2016 2.02242 0.96005 0.07021 -0.28972 0 0 0 0 0 0 0 0 2.15053 0 0 -0.32436 3.38753
ARG:CtermProteinFull_231 -1.2016 2.02242 0.96005 0.07021 -0.28972 0 0 0 0 0 0 0 0 2.15053 0 0 -0.32436 3.38753
ARG:CtermProteinFull_231 -1.04418 1.96081 0.86392 0.07021 -0.24943 0 0 0 0 0 0 0 0 2.15053 0 0 -0.32436 3.42749
ARG:CtermProteinFull_231 -1.04418 1.96081 0.86392 0.07021 -0.24943 0 0 0 0 0 0 0 0 2.15053 0 0 -0.32436 3.42749
ARG:CtermProteinFull_231 -1.04418 1.96081 0.86392 0.07021 -0.24943 0 0 0 0 0 0 0 0 2.15053 0 0 -0.32436 3.42749
ARG:CtermProteinFull_231 -1.04418 1.96081 0.86392 0.07021 -0.24943 0 0 0 0 0 0 0 0 2.15053 0 0 -0.32436 3.42749
ARG:CtermProteinFull_231 -1.04418 1.96081 0.86392 0.07021 -0.24943 0 0 0 0 0 0 0 0 2.15053 0 0 -0.32436 3.42749
ARG:CtermProteinFull_231 -1.04418 1.96081 0.86392 0.07021 -0.24943 0 0 0 0 0 0 0 0 2.15053 0 0 -0.32436 3.42749
ARG:CtermProteinFull_231 -1.07093 1.96081 0.90663 0.07021 -0.25735 0 0 0 0 0 0 0 0 2.15053 0 0 -0.32436 3.43554
ARG:CtermProteinFull_231 -1.08682 1.96174 0.91676 0.07021 -0.26013 0 0 0 0 0 0 0 0 2.15053 0 0 -0.32436 3.42794
ARG:CtermProteinFull_231 -1.07878 1.96127 0.91652 0.07021 -0.25411 0 0 0 0 0 0 0 0 2.15053 0 0 -0.32436 3.44128
ARG:CtermProteinFull_231 -1.30499 2.03696 1.07426 0.07021 -0.28046 0 0 0 0 0 0 0 0 2.15053 0 0 -0.32436 3.42215
ARG:CtermProteinFull_231 -1.30499 2.03696 1.07426 0.07021 -0.28046 0 0 0 0 0 0 0 0 2.15053 0 0 -0.32436 3.42215
ARG:CtermProteinFull_231 -1.30499 2.03696 1.07426 0.07021 -0.28046 0 0 0 0 0 0 0 0 2.15053 0 0 -0.32436 3.42215
ARG:CtermProteinFull_231 -1.27736 2.01766 1.05144 0.07021 -0.27607 0 0 0 0 0 0 0 0 2.15053 0 0 -0.32436 3.41205
ARG:CtermProteinFull_231 -1.27736 2.01766 1.05144 0.07021 -0.27607 0 0 0 0 0 0 0 0 2.15053 0 0 -0.32436 3.41205
ARG:CtermProteinFull_231 -1.27736 2.01766 1.05144 0.07021 -0.27607 0 0 0 0 0 0 0 0 2.15053 0 0 -0.32436 3.41205
ARG:CtermProteinFull_231 -1.23924 2.01766 0.98874 0.07021 -0.26649 0 0 0 0 0 0 0 0 2.15053 0 0 -0.32436 3.39705
ARG:CtermProteinFull_231 -1.22732 2.00911 0.97623 0.07021 -0.27041 0 0 0 0 0 0 0 0 2.15053 0 0 -0.32436 3.38399
ARG:CtermProteinFull_231 -1.22732 2.00911 0.97623 0.07021 -0.27041 0 0 0 0 0 0 0 0 2.15053 0 0 -0.32436 3.38399
ARG:CtermProteinFull_231 -1.22732 2.00911 0.97623 0.07021 -0.27041 0 0 0 0 0 0 0 0 2.15053 0 0 -0.32436 3.38399
ARG:CtermProteinFull_231 -1.22732 2.00911 0.97623 0.07021 -0.27048 0 0 0 0 0 0 0 0 2.15053 0 0 -0.32436 3.38391
ARG:CtermProteinFull_231 -1.22732 2.00911 0.97623 0.07021 -0.27048 0 0 0 0 0 0 0 0 2.15053 0 0 -0.32436 3.38391
ARG:CtermProteinFull_231 -1.23871 2.00911 0.98122 0.07021 -0.27175 0 0 0 0 0 0 0 0 2.15053 0 0 -0.32436 3.37626
ARG:CtermProteinFull_231 -1.23725 2.00777 0.98036 0.07021 -0.27139 0 0 0 0 0 0 0 0 2.15053 0 0 -0.32436 3.37588
ARG:CtermProteinFull_231 -1.23725 2.00777 0.98036 0.07021 -0.27139 0 0 0 0 0 0 0 0 2.15053 0 0 -0.32436 3.37588
ARG:CtermProteinFull_231 -1.23725 2.00777 0.98036 0.07021 -0.27139 0 0 0 0 0 0 0 0 2.15053 0 0 -0.32436 3.37588
ARG:CtermProteinFull_231 -1.23765 2.00777 0.98113 0.07021 -0.27235 0 0 0 0 0 0 0 0 2.15053 0 0 -0.32436 3.37529
ARG:CtermProteinFull_231 -1.1687 1.98368 0.93339 0.07021 -0.27107 0 0 0 0 0 0 0 0 2.15053 0 0 -0.32436 3.37367
ARG:CtermProteinFull_231 -1.17053 1.95093 0.93448 0.06367 -0.27167 0 0 0 0 0 0 0 0 2.11221 0 0 -0.32436 3.29474
ARG:CtermProteinFull_231 -1.17282 1.95243 0.93745 0.06367 -0.27328 0 0 0 0 0 0 0 0 2.11221 0 0 -0.32436 3.29531
ARG:CtermProteinFull_231 -1.17282 1.95243 0.93745 0.06367 -0.27328 0 0 0 0 0 0 0 0 2.11221 0 0 -0.32436 3.29531
ARG:CtermProteinFull_231 -1.14167 1.93962 0.90876 0.06367 -0.26185 0 0 0 0 0 0 0 0 2.11221 0 0 -0.32436 3.29637
ARG:CtermProteinFull_231 -1.18294 1.93962 0.97841 0.06367 -0.27257 0 0 0 0 0 0 0 0 2.11221 0 0 -0.32436 3.31402
ARG:CtermProteinFull_231 -1.18294 1.93962 0.97841 0.06367 -0.27251 0 0 0 0 0 0 0 0 2.11221 0 0 -0.32436 3.31409
ARG:CtermProteinFull_231 -1.09487 1.93154 0.89626 0.06367 -0.25555 0 0 0 0 0 0 0 0 2.11221 0 0 -0.32436 3.3289
ARG:CtermProteinFull_231 -1.09483 1.93154 0.89603 0.06367 -0.2569 0 0 0 0 0 0 0 0 2.11221 0 0 -0.32436 3.32736
ARG:CtermProteinFull_231 -1.15057 1.94049 0.93892 0.06367 -0.25933 0 0 0 0 0 0 0 0 2.11221 0 0 -0.32436 3.32102
ARG:CtermProteinFull_231 -1.23065 1.97509 1.01117 0.06367 -0.2758 0 0 0 0 0 0 0 0 2.11221 0 0 -0.32436 3.33134
ARG:CtermProteinFull_231 -1.23065 1.97509 1.01117 0.06367 -0.2758 0 0 0 0 0 0 0 0 2.11221 0 0 -0.32436 3.33134
ARG:CtermProteinFull_231 -1.22988 1.97522 1.01121 0.06367 -0.27598 0 0 0 0 0 0 0 0 2.11221 0 0 -0.32436 3.33209
ARG:CtermProteinFull_231 -1.23003 1.97541 1.0113 0.06367 -0.27613 0 0 0 0 0 0 0 0 2.11221 0 0 -0.32436 3.33206
ARG:CtermProteinFull_231 -1.23003 1.97541 1.0113 0.06367 -0.27613 0 0 0 0 0 0 0 0 2.11221 0 0 -0.32436 3.33206
ARG:CtermProteinFull_231 -1.23003 1.97541 1.0113 0.06367 -0.27613 0 0 0 0 0 0 0 0 2.11221 0 0 -0.32436 3.33206
ARG:CtermProteinFull_231 -1.23003 1.97541 1.0113 0.06367 -0.27613 0 0 0 0 0 0 0 0 2.11221 0 0 -0.32436 3.33206
ARG:CtermProteinFull_231 -1.2338 1.97884 1.0162 0.06367 -0.27762 0 0 0 0 0 0 0 0 2.11221 0 0 -0.32436 3.33514
ARG:CtermProteinFull_231 -1.2338 1.97884 1.0162 0.06367 -0.27762 0 0 0 0 0 0 0 0 2.11221 0 0 -0.32436 3.33514
ARG:CtermProteinFull_231 -1.23408 1.97884 1.01728 0.06367 -0.27525 0 0 0 0 0 0 0 0 2.11221 0 0 -0.32436 3.33831
ARG:CtermProteinFull_231 -1.24778 1.98469 1.02531 0.06367 -0.27425 0 0 0 0 0 0 0 0 2.11221 0 0 -0.32436 3.3395
ARG:CtermProteinFull_231 -1.25161 1.98535 1.02534 0.06367 -0.27363 0 0 0 0 0 0 0 0 2.11221 0 0 -0.32436 3.33696
ARG:CtermProteinFull_231 -1.25161 1.98535 1.02534 0.06367 -0.27363 0 0 0 0 0 0 0 0 2.11221 0 0 -0.32436 3.33696
ARG:CtermProteinFull_231 -1.25161 1.98535 1.02534 0.06367 -0.27363 0 0 0 0 0 0 0 0 2.11221 0 0 -0.32436 3.33696
ARG:CtermProteinFull_231 -1.26977 1.99581 1.03538 0.06367 -0.27507 0 0 0 0 0 0 0 0 2.11221 0 0 -0.32436 3.33787
ARG:CtermProteinFull_231 -1.24404 1.99571 1.02694 0.06367 -0.27116 0 0 0 0 0 0 0 0 2.11221 0 0 -0.32436 3.35896
ARG:CtermProteinFull_231 -1.07512 1.931 0.90255 0.06367 -0.26057 0 0 0 0 0 0 0 0 2.11221 0 0 -0.32436 3.34939
ARG:CtermProteinFull_231 -1.07554 1.93107 0.90255 0.06367 -0.2607 0 0 0 0 0 0 0 0 2.11221 0 0 -0.32436 3.34891
ARG:CtermProteinFull_231 -1.07694 1.92903 0.92124 0.06367 -0.25751 0 0 0 0 0 0 0 0 2.11221 0 0 -0.32436 3.36734
ARG:CtermProteinFull_231 -1.07694 1.92903 0.92124 0.06367 -0.2574 0 0 0 0 0 0 0 0 2.11221 0 0 -0.32436 3.36745
ARG:CtermProteinFull_231 -1.07694 1.92903 0.92124 0.06367 -0.2575 0 0 0 0 0 0 0 0 2.11221 0 0 -0.32436 3.36735
ARG:CtermProteinFull_231 -1.07522 1.97562 0.9189 0.07207 -0.25704 0 0 0 0 0 0 0 0 2.15851 0 0 -0.32436 3.46848
ARG:CtermProteinFull_231 -1.07556 1.97562 0.94766 0.07207 -0.29373 0 0 0 0 0 0 0 0 2.15851 0 0 -0.32436 3.4602
ARG:CtermProteinFull_231 -1.10793 1.98265 0.97407 0.07207 -0.30216 0 0 0 0 0 0 0 0 2.15851 0 0 -0.32436 3.45285
ARG:CtermProteinFull_231 -1.10627 1.98265 0.97402 0.07207 -0.30198 0 0 0 0 0 0 0 0 2.15851 0 0 -0.32436 3.45463
ARG:CtermProteinFull_231 -1.02153 1.97322 0.9077 0.07207 -0.29734 0 0 0 0 0 0 0 0 2.15851 0 0 -0.32436 3.46827
ARG:CtermProteinFull_231 -1.02153 1.97322 0.9077 0.07207 -0.29734 0 0 0 0 0 0 0 0 2.15851 0 0 -0.32436 3.46827
ARG:CtermProteinFull_231 -1.01982 1.96439 0.90623 0.0655 -0.30045 0 0 0 0 0 0 0 0 2.10513 0 0 -0.32436 3.39662
ARG:CtermProteinFull_231 -1.07986 1.96416 1.00717 0.0655 -0.29481 0 0 0 0 0 0 0 0 2.10513 0 0 -0.32436 3.44293
ARG:CtermProteinFull_231 -1.06586 1.96491 0.96369 0.0655 -0.29827 0 0 0 0 0 0 0 0 2.10513 0 0 -0.32436 3.41073
ARG:CtermProteinFull_231 -1.06903 1.96491 0.96398 0.0655 -0.29751 0 0 0 0 0 0 0 0 2.10513 0 0 -0.32436 3.40862
ARG:CtermProteinFull_231 -0.97707 1.96416 0.92881 0.0655 -0.30872 0 0 0 0 0 0 0 0 2.10513 0 0 -0.32436 3.45344
ARG:CtermProteinFull_231 -1.05577 1.96421 0.98161 0.0655 -0.31814 0 0 0 0 0 0 0 0 2.10513 0 0 -0.32436 3.41817
ARG:CtermProteinFull_231 -1.06684 1.96421 0.98497 0.0655 -0.33313 0 0 0 0 0 0 0 0 2.10513 0 0 -0.32436 3.39548
ARG:CtermProteinFull_231 -1.14965 1.97156 1.04991 0.0655 -0.37075 0 0 0 0 0 0 0 0 2.10513 0 0 -0.32436 3.34733
ARG:CtermProteinFull_231 -1.26294 1.99023 1.13517 0.0655 -0.38496 0 0 0 0 0 0 0 0 2.10513 0 0 -0.32436 3.32377
ARG:CtermProteinFull_231 -1.23348 2.00157 1.07529 0.0655 -0.39119 0 0 0 0 0 0 0 0 2.10513 0 0 -0.32436 3.29846
ARG:CtermProteinFull_231 -1.21807 2.00157 1.03623 0.0655 -0.3426 0 0 0 0 0 0 0 0 2.10513 0 0 -0.32436 3.3234
ARG:CtermProteinFull_231 -1.21807 2.00157 1.03623 0.0655 -0.3426 0 0 0 0 0 0 0 0 2.10513 0 0 -0.32436 3.3234
ARG:CtermProteinFull_231 -1.21565 2.00157 1.03351 0.0655 -0.34096 0 0 0 0 0 0 0 0 2.10513 0 0 -0.32436 3.32474
ARG:CtermProteinFull_231 -1.11556 1.97951 0.96463 0.0655 -0.33179 0 0 0 0 0 0 0 0 2.10513 0 0 -0.32436 3.34306
ARG:CtermProteinFull_231 -1.09739 1.97221 0.97836 0.0655 -0.33402 0 0 0 0 0 0 0 0 2.10513 0 0 -0.32436 3.36543
ARG:CtermProteinFull_231 -1.09741 1.97221 0.97844 0.0655 -0.33412 0 0 0 0 0 0 0 0 2.10513 0 0 -0.32436 3.36539
ARG:CtermProteinFull_231 -1.23599 2.06821 1.07075 0.0655 -0.35776 0 0 0 0 0 0 0 0 2.10513 0 0 -0.32436 3.39148
ARG:CtermProteinFull_231 -1.23599 2.06821 1.07075 0.0655 -0.35776 0 0 0 0 0 0 0 0 2.10513 0 0 -0.32436 3.39148
ARG:CtermProteinFull_231 -1.2461 2.06821 1.1005 0.0655 -0.40177 0 0 0 0 0 0 0 0 2.10513 0 0 -0.32436 3.3671
ARG:CtermProteinFull_231 -1.13243 1.97946 1.02608 0.0655 -0.38203 0 0 0 0 0 0 0 0 2.10513 0 0 -0.32436 3.33735
ARG:CtermProteinFull_231 -1.13243 1.97946 1.02608 0.0655 -0.38203 0 0 0 0 0 0 0 0 2.10513 0 0 -0.32436 3.33735
ARG:CtermProteinFull_231 -1.12503 1.97946 1.00691 0.0655 -0.35293 0 0 0 0 0 0 0 0 2.10513 0 0 -0.32436 3.35468
