LEU_229 -4.39076 0.52313 1.878 0.01298 -0.31282 18.3204 0 0 0 0 0 -0.00845 0.05481 1.1231 -0.16584 0 0.76113 17.7957
LEU_229 -4.38105 0.52313 1.87327 0.01298 -0.31112 18.3204 0 0 0 0 0 -0.00845 0.05481 1.1231 -0.16584 0 0.76113 17.8023
LEU_229 -4.40436 0.52313 1.87842 0.01298 -0.31272 18.3204 0 0 0 0 0 -0.00845 0.05481 1.1231 -0.16584 0 0.76113 17.7826
LEU_229 -4.40426 0.52313 1.87846 0.01298 -0.31276 18.3204 0 0 0 0 0 -0.00845 0.05481 1.1231 -0.16584 0 0.76113 17.7827
LEU_229 -4.40267 0.52313 1.87647 0.01298 -0.31207 18.3204 0 0 0 0 0 -0.00845 0.05481 1.1231 -0.16584 0 0.76113 17.783
LEU_229 -4.40305 0.52313 1.87464 0.01298 -0.3167 18.3204 0 0 0 0 0 -0.00845 0.05481 1.1231 -0.16584 0 0.76113 17.7761
LEU_229 -4.3832 0.5872 1.91191 0.01298 -0.33451 18.3204 0 0 0 0 0 -0.00845 0.05481 1.1231 -0.16584 0 0.76113 17.8795
LEU_229 -4.34916 0.61784 1.9369 0.01298 -0.34747 18.3204 0 0 0 0 0 -0.00845 0.05481 1.1231 -0.16584 0 0.76113 17.9562
LEU_229 -4.34315 0.61784 1.92991 0.01298 -0.33656 18.3204 0 0 0 0 0 -0.00845 0.05481 1.1231 -0.16584 0 0.76113 17.9662
LEU_229 -4.34952 0.61784 1.93629 0.01298 -0.33641 18.3204 0 0 0 0 0 -0.00845 0.05481 1.1231 -0.16584 0 0.76113 17.9663
LEU_229 -4.35756 1.02531 2.07143 0.01298 -0.31648 18.327 0 0 0 0 0 -0.00878 0.05526 1.11927 -0.16581 0 0.76113 18.5237
LEU_229 -4.3627 1.03323 2.07154 0.01298 -0.31544 18.327 0 0 0 0 0 -0.00878 0.05526 1.11927 -0.16581 0 0.76113 18.5277
LEU_229 -4.41255 1.23556 2.08907 0.01298 -0.32352 18.327 0 0 0 0 0 -0.00878 0.05526 1.11927 -0.16581 0 0.76113 18.6896
LEU_229 -4.37375 1.14131 2.077 0.01298 -0.32407 18.327 0 0 0 0 0 -0.00878 0.05526 1.11927 -0.16581 0 0.76113 18.6215
LEU_229 -4.35787 1.13408 2.07214 0.01298 -0.32532 18.327 0 0 0 0 0 -0.00878 0.05526 1.11927 -0.16581 0 0.76113 18.624
LEU_229 -4.32728 0.93308 2.03463 0.01298 -0.30138 18.327 0 0 0 0 0 -0.00878 0.05526 1.11927 -0.16581 0 0.76113 18.4401
LEU_229 -4.09075 0.46135 1.97571 0.01298 -0.29074 18.327 0 0 0 0 0 -0.00878 0.05526 1.11927 -0.16581 0 0.76113 18.1566
LEU_229 -4.09075 0.46135 1.97571 0.01298 -0.29074 18.327 0 0 0 0 0 -0.00878 0.05526 1.11927 -0.16581 0 0.76113 18.1566
LEU_229 -4.0928 0.46135 1.97709 0.01298 -0.29107 18.327 0 0 0 0 0 -0.00878 0.05526 1.11927 -0.16581 0 0.76113 18.1556
LEU_229 -4.0928 0.46135 1.97709 0.01298 -0.29107 18.327 0 0 0 0 0 -0.00878 0.05526 1.11927 -0.16581 0 0.76113 18.1556
LEU_229 -4.11312 0.46135 1.9862 0.01298 -0.29292 18.327 0 0 0 0 0 -0.00878 0.05526 1.11927 -0.16581 0 0.76113 18.1425
LEU_229 -4.33273 1.887 2.09284 0.01298 -0.34458 18.327 0 0 0 0 0 -0.00878 0.05526 1.11927 -0.16581 0 0.76113 19.4035
LEU_229 -4.33801 1.887 2.09238 0.01298 -0.34502 18.327 0 0 0 0 0 -0.00878 0.05526 1.11927 -0.16581 0 0.76113 19.3974
LEU_229 -4.39398 1.90184 2.10711 0.01298 -0.34327 18.327 0 0 0 0 0 -0.00878 0.05526 1.11927 -0.16581 0 0.76113 19.3727
LEU_229 -4.31513 1.87989 2.08734 0.01298 -0.35309 18.327 0 0 0 0 0 -0.00878 0.05526 1.11927 -0.16581 0 0.76113 19.4
LEU_229 -4.79241 2.13748 2.17608 0.01298 -0.33427 18.327 0 0 0 0 0 -0.00878 0.05526 1.11927 -0.16581 0 0.76113 19.2879
LEU_229 -4.88352 3.95525 2.20827 0.01298 -0.32855 18.327 0 0 0 0 0 -0.00878 0.05526 1.11927 -0.16581 0 0.76113 21.0525
LEU_229 -4.9525 3.82453 2.24093 0.01298 -0.31519 18.327 0 0 0 0 0 -0.00878 0.05526 1.11927 -0.16581 0 0.76113 20.8988
LEU_229 -4.99402 2.96418 2.21849 0.01298 -0.32501 18.327 0 0 0 0 0 -0.00878 0.05526 1.11927 -0.16581 0 0.76113 19.9647
LEU_229 -4.99402 2.96418 2.21849 0.01298 -0.32501 18.327 0 0 0 0 0 -0.00878 0.05526 1.11927 -0.16581 0 0.76113 19.9647
LEU_229 -4.9939 2.96418 2.21813 0.01298 -0.32534 18.327 0 0 0 0 0 -0.00878 0.05526 1.11927 -0.16581 0 0.76113 19.9641
LEU_229 -4.99526 2.96418 2.22264 0.01298 -0.32653 18.327 0 0 0 0 0 -0.00878 0.05526 1.11927 -0.16581 0 0.76113 19.966
LEU_229 -5.03072 2.70097 2.20303 0.01298 -0.3114 18.327 0 0 0 0 0 -0.00878 0.05526 1.11927 -0.16581 0 0.76113 19.6629
LEU_229 -5.0308 2.70097 2.20316 0.01298 -0.31129 18.327 0 0 0 0 0 -0.00878 0.05526 1.11927 -0.16581 0 0.76113 19.6631
LEU_229 -5.01774 3.39755 2.19757 0.01298 -0.31375 18.327 0 0 0 0 0 -0.00878 0.05526 1.11927 -0.16581 0 0.76113 20.3647
LEU_229 -5.01995 3.39755 2.19817 0.01298 -0.31424 18.327 0 0 0 0 0 -0.00878 0.05526 1.11927 -0.16581 0 0.76113 20.3625
LEU_229 -4.87281 0.50573 1.94545 0.01298 -0.32744 18.327 0 0 0 0 0 -0.00878 0.05526 1.11927 -0.16581 0 0.76113 17.3519
LEU_229 -4.93015 0.5339 1.92643 0.01508 -0.32303 18.327 0 0 0 0 0 -0.00878 0.05526 1.92602 -0.16581 0 0.76113 18.117
LEU_229 -4.9286 0.53317 1.92647 0.01508 -0.32317 18.327 0 0 0 0 0 -0.00878 0.05526 1.92602 -0.16581 0 0.76113 18.1177
LEU_229 -4.9286 0.53317 1.92647 0.01508 -0.32317 18.327 0 0 0 0 0 -0.00878 0.05526 1.92602 -0.16581 0 0.76113 18.1177
LEU_229 -4.93365 0.53317 1.93034 0.01508 -0.32522 18.327 0 0 0 0 0 -0.00878 0.05526 1.92602 -0.16581 0 0.76113 18.1145
LEU_229 -5.00351 2.00061 1.99787 0.01508 -0.34621 18.327 0 0 0 0 0 -0.00878 0.05526 1.92602 -0.16581 0 0.76113 19.5586
LEU_229 -4.89073 1.91427 1.98835 0.01508 -0.33318 18.327 0 0 0 0 0 -0.00878 0.05526 1.92602 -0.16581 0 0.76113 19.5886
LEU_229 -4.78692 1.63578 1.97399 0.01509 -0.33592 18.3466 0 0 0 0 0 -0.00824 0.05577 1.93503 -0.16598 0 0.76113 19.4264
LEU_229 -4.78969 1.64324 1.98043 0.01509 -0.33595 18.3466 0 0 0 0 0 -0.00824 0.05577 1.93503 -0.16598 0 0.76113 19.4375
LEU_229 -4.66042 0.93545 1.92195 0.01509 -0.31141 18.3466 0 0 0 0 0 -0.00824 0.05577 1.93503 -0.16598 0 0.76113 18.825
LEU_229 -4.61902 0.89522 1.89849 0.01509 -0.31433 18.3466 0 0 0 0 0 -0.00824 0.05577 1.93503 -0.16598 0 0.76113 18.7998
LEU_229 -4.63749 0.89522 1.89755 0.01509 -0.31371 18.3466 0 0 0 0 0 -0.00824 0.05577 1.93503 -0.16598 0 0.76113 18.781
LEU_229 -4.39667 0.31437 1.78824 0.01509 -0.29372 18.3466 0 0 0 0 0 -0.00824 0.05577 1.93503 -0.16598 0 0.76113 18.3517
LEU_229 -4.00689 0.18639 1.75147 0.01509 -0.30385 18.3466 0 0 0 0 0 -0.00824 0.05577 1.93503 -0.16598 0 0.76113 18.5666
LEU_229 -4.02083 0.21303 1.78351 0.01509 -0.30456 18.3466 0 0 0 0 0 -0.00824 0.05577 1.93503 -0.16598 0 0.76113 18.6106
LEU_229 -4.16735 0.22658 1.87537 0.01509 -0.34468 18.3466 0 0 0 0 0 -0.00824 0.05577 1.93503 -0.16598 0 0.76113 18.5294
LEU_229 -4.36886 0.31527 1.89427 0.01509 -0.33409 18.3466 0 0 0 0 0 -0.00824 0.05577 1.93503 -0.16598 0 0.76113 18.446
LEU_229 -4.37803 0.31527 1.90044 0.01509 -0.33497 18.3466 0 0 0 0 0 -0.00824 0.05577 1.93503 -0.16598 0 0.76113 18.4422
LEU_229 -4.37092 0.31447 1.89976 0.01509 -0.33506 18.3466 0 0 0 0 0 -0.00824 0.05577 1.93503 -0.16598 0 0.76113 18.4477
LEU_229 -4.31359 0.28959 1.86738 0.01509 -0.32663 18.3466 0 0 0 0 0 -0.00824 0.05577 1.93503 -0.16598 0 0.76113 18.4562
LEU_229 -4.31587 0.28959 1.86913 0.01509 -0.32565 18.3466 0 0 0 0 0 -0.00824 0.05577 1.93503 -0.16598 0 0.76113 18.4566
LEU_229 -4.32398 0.31118 1.87648 0.01509 -0.32796 18.3466 0 0 0 0 0 -0.00824 0.05577 1.93503 -0.16598 0 0.76113 18.4752
LEU_229 -4.2642 0.27302 1.88307 0.01509 -0.33555 18.3466 0 0 0 0 0 -0.00824 0.05577 1.93503 -0.16598 0 0.76113 18.4958
LEU_229 -4.25791 0.27704 1.88708 0.01509 -0.33541 18.3466 0 0 0 0 0 -0.00824 0.05577 1.93503 -0.16598 0 0.76113 18.5102
LEU_229 -4.25791 0.27704 1.88708 0.01509 -0.33541 18.3466 0 0 0 0 0 -0.00824 0.05577 1.93503 -0.16598 0 0.76113 18.5102
LEU_229 -4.24618 0.27833 1.87698 0.01509 -0.33639 18.3466 0 0 0 0 0 -0.00824 0.05577 1.93503 -0.16598 0 0.76113 18.5122
LEU_229 -4.22723 0.27289 1.85317 0.01509 -0.32999 18.3466 0 0 0 0 0 -0.00824 0.05577 1.93503 -0.16598 0 0.76113 18.5083
LEU_229 -4.26543 0.27638 1.85903 0.01509 -0.33725 18.3466 0 0 0 0 0 -0.00824 0.05577 1.93503 -0.16598 0 0.76113 18.4722
LEU_229 -4.26543 0.27638 1.85903 0.01509 -0.33725 18.3466 0 0 0 0 0 -0.00824 0.05577 1.93503 -0.16598 0 0.76113 18.4722
LEU_229 -4.1248 0.25793 1.81648 0.01509 -0.32752 18.3466 0 0 0 0 0 -0.00824 0.05577 1.93503 -0.16598 0 0.76113 18.5615
LEU_229 -4.19662 0.28923 1.82583 0.01509 -0.32852 18.3466 0 0 0 0 0 -0.00824 0.05577 1.93503 -0.16598 0 0.76113 18.5294
LEU_229 -4.12719 0.31993 1.87806 0.01097 -0.30177 18.3466 0 0 0 0 0 -0.00824 0.05577 0.50113 -0.16598 0 0.76113 17.2704
LEU_229 -4.01987 0.54287 1.9113 0.01097 -0.2815 18.3466 0 0 0 0 0 -0.00824 0.05577 0.50113 -0.16598 0 0.76113 17.6542
LEU_229 -4.02087 0.54314 1.91081 0.01097 -0.28125 18.3466 0 0 0 0 0 -0.00824 0.05577 0.50113 -0.16598 0 0.76113 17.6533
LEU_229 -3.87174 0.29944 1.87725 0.01097 -0.3004 18.3466 0 0 0 0 0 -0.00824 0.05577 0.50113 -0.16598 0 0.76113 17.506
LEU_229 -3.87219 0.29944 1.87766 0.01097 -0.30052 18.3466 0 0 0 0 0 -0.00824 0.05577 0.50113 -0.16598 0 0.76113 17.5058
LEU_229 -3.79806 0.21729 1.86588 0.01097 -0.29293 18.3466 0 0 0 0 0 -0.00824 0.05577 0.50113 -0.16598 0 0.76113 17.4936
LEU_229 -3.80407 0.2125 1.85505 0.01093 -0.29731 18.2779 0 0 0 0 0 -0.01858 0.0564 0.49893 -0.16624 0 0.76113 17.3866
LEU_229 -3.79713 0.19238 1.85533 0.01095 -0.2859 18.2779 0 0 0 0 0 -0.01858 0.0564 0.58739 -0.16624 0 0.76113 17.4736
LEU_229 -3.83599 0.2011 1.86128 0.01095 -0.28754 18.2779 0 0 0 0 0 -0.01858 0.0564 0.58739 -0.16624 0 0.76113 17.4478
LEU_229 -3.82835 0.24348 1.87329 0.01004 -0.28762 18.2779 0 0 0 0 0 -0.01858 0.0564 0.44716 -0.16624 0 0.76113 17.3686
LEU_229 -3.72014 0.2335 1.84383 0.00995 -0.26386 18.2779 0 0 0 0 0 -0.01651 0.0564 0.44897 -0.16678 0 0.76113 17.4644
LEU_229 -3.79206 0.5752 1.90675 0.00995 -0.27294 18.2779 0 0 0 0 0 -0.01651 0.0564 0.44897 -0.16678 0 0.76113 17.788
LEU_229 -3.71682 0.33986 1.93521 0.00996 -0.28682 18.3651 0 0 0 0 0 -0.01583 0.05497 0.44847 -0.16677 0 0.76113 17.7285
LEU_229 -3.79557 0.34994 2.00063 0.00996 -0.30116 18.3651 0 0 0 0 0 -0.01583 0.05497 0.44847 -0.16677 0 0.76113 17.7109
LEU_229 -3.835 0.34962 1.97635 0.00996 -0.28611 18.3651 0 0 0 0 0 -0.01583 0.05497 0.44847 -0.16677 0 0.76113 17.6619
LEU_229 -3.82277 0.24292 1.94775 0.01046 -0.2923 18.3651 0 0 0 0 0 -0.01583 0.05497 0.51038 -0.16677 0 0.76113 17.595
LEU_229 -3.73752 0.30247 1.94398 0.01046 -0.2873 18.3651 0 0 0 0 0 -0.01583 0.05497 0.51038 -0.16677 0 0.76113 17.741
LEU_229 -3.92993 0.33175 1.98809 0.01046 -0.26267 18.3651 0 0 0 0 0 -0.01583 0.05497 0.51038 -0.16677 0 0.76113 17.6467
LEU_229 -3.93308 0.33175 1.98703 0.01046 -0.26284 18.3651 0 0 0 0 0 -0.01583 0.05497 0.51038 -0.16677 0 0.76113 17.6423
LEU_229 -3.93025 0.22593 1.89041 0.01046 -0.237 18.3651 0 0 0 0 0 -0.01583 0.05497 0.51038 -0.16677 0 0.76113 17.4685
LEU_229 -4.32755 0.48011 1.9878 0.01046 -0.24287 18.3651 0 0 0 0 0 -0.01583 0.05497 0.51038 -0.16677 0 0.76113 17.4169
LEU_229 -4.36396 0.50351 1.99266 0.01046 -0.24404 18.3651 0 0 0 0 0 -0.01583 0.05497 0.51038 -0.16677 0 0.76113 17.4076
LEU_229 -4.37033 0.50784 1.99921 0.01046 -0.24485 18.3651 0 0 0 0 0 -0.01583 0.05497 0.51038 -0.16677 0 0.76113 17.4113
LEU_229 -4.32653 0.50568 2.00081 0.01046 -0.24034 18.3651 0 0 0 0 0 -0.01583 0.05497 0.51038 -0.16677 0 0.76113 17.4591
LEU_229 -4.32021 0.46857 2.02749 0.01207 -0.23314 18.3651 0 0 0 0 0 -0.01583 0.05497 1.15325 -0.16677 0 0.76113 18.1066
LEU_229 -3.90049 0.22852 1.95049 0.01207 -0.23793 18.3651 0 0 0 0 0 -0.01583 0.05497 1.15325 -0.16677 0 0.76113 18.2045
LEU_229 -3.81885 0.23131 2.00346 0.01207 -0.24904 18.3651 0 0 0 0 0 -0.01583 0.05497 1.15325 -0.16677 0 0.76113 18.3308
LEU_229 -3.80374 0.23131 1.99285 0.01207 -0.25025 18.3651 0 0 0 0 0 -0.01583 0.05497 1.15325 -0.16677 0 0.76113 18.3341
LEU_229 -4.00377 0.34117 2.00278 0.01207 -0.21833 18.3651 0 0 0 0 0 -0.01583 0.05497 1.15325 -0.16677 0 0.76113 18.2858
LEU_229 -4.00377 0.34117 2.00278 0.01207 -0.21852 18.3651 0 0 0 0 0 -0.01583 0.05497 1.15325 -0.16677 0 0.76113 18.2856
LEU_229 -3.91373 0.27969 1.96157 0.01207 -0.18948 18.3651 0 0 0 0 0 -0.01583 0.05497 1.15325 -0.16677 0 0.76113 18.302
LEU_229 -3.77757 0.20805 1.99607 0.01207 -0.22038 18.3651 0 0 0 0 0 -0.01583 0.05497 1.15325 -0.16677 0 0.76113 18.3701
LEU_229 -3.77757 0.20805 1.99607 0.01207 -0.22038 18.3651 0 0 0 0 0 -0.01583 0.05497 1.15325 -0.16677 0 0.76113 18.3701
LEU_229 -3.74728 0.1807 1.95304 0.01207 -0.21466 18.3651 0 0 0 0 0 -0.01583 0.05497 1.15325 -0.16677 0 0.76113 18.3357
