GLY_225 -1.98895 0.29543 1.58066 0.00013 0.24272 0 0 0 0 0 0 0.05913 0.11229 0 0.4923 0 0.17333 0.96704
GLY_225 -1.98895 0.29543 1.58066 0.00013 0.24178 0 0 0 0 0 0 0.05913 0.11229 0 0.4923 0 0.17333 0.9661
GLY_225 -1.98757 0.29543 1.57928 0.00013 0.24892 0 0 0 0 0 0 0.05913 0.11229 0 0.4923 0 0.17333 0.97325
GLY_225 -1.99273 0.29543 1.58247 0.00013 0.24444 0 0 0 0 0 0 0.05913 0.11229 0 0.4923 0 0.17333 0.96679
GLY_225 -1.99259 0.27771 1.58229 0.00013 0.25453 0 0 0 0 0 0 0.05913 0.11229 0 0.4923 0 0.17333 0.95911
GLY_225 -2.0071 0.25856 1.59123 0.00013 0.26009 0 0 0 0 0 0 0.05913 0.11229 0 0.4923 0 0.17333 0.93996
GLY_225 -2.013 0.25852 1.59882 0.00013 0.32123 0 0 0 0 0 0 0.05913 0.11229 0 0.4923 0 0.17333 1.00276
GLY_225 -2.0274 0.26054 1.60894 0.00013 0.31769 0 0 0 0 0 0 0.05913 0.11229 0 0.4923 0 0.17333 0.99694
GLY_225 -2.02729 0.26054 1.60879 0.00013 0.31429 0 0 0 0 0 0 0.05913 0.11229 0 0.4923 0 0.17333 0.9935
GLY_225 -2.02729 0.26054 1.60879 0.00013 0.31537 0 0 0 0 0 0 0.05913 0.11229 0 0.4923 0 0.17333 0.99458
GLY_225 -2.10677 0.30467 1.69073 0.0001 0.35829 0 0 0 0 0 0 -0.02405 0.11189 0 0.36368 0 0.17333 0.87187
GLY_225 -2.10677 0.30467 1.69073 0.0001 0.35829 0 0 0 0 0 0 -0.02405 0.11189 0 0.36368 0 0.17333 0.87187
GLY_225 -2.29876 0.45724 1.81715 0.0001 0.30951 0 0 0 0 0 0 -0.02405 0.11189 0 0.36368 0 0.17333 0.91009
GLY_225 -2.29852 0.45724 1.8165 0.0001 0.30759 0 0 0 0 0 0 -0.02405 0.11189 0 0.36368 0 0.17333 0.90776
GLY_225 -2.17474 0.33125 1.70749 0.0001 0.19461 0 0 0 0 0 0 -0.02398 0.11123 0 0.36382 0 0.17333 0.68313
GLY_225 -2.1758 0.33125 1.70885 0.0001 0.14342 0 0 0 0 0 0 -0.02398 0.11123 0 0.36382 0 0.17333 0.63223
GLY_225 -2.14303 0.30269 1.69052 0.0001 0.14909 0 0 0 0 0 0 -0.02398 0.11123 0 0.36382 0 0.17333 0.62377
GLY_225 -2.14783 0.30269 1.69351 0.0001 0.15115 0 0 0 0 0 0 -0.02398 0.11123 0 0.36382 0 0.17333 0.62403
GLY_225 -2.1485 0.30269 1.69428 0.0001 0.14948 0 0 0 0 0 0 -0.02398 0.11123 0 0.36382 0 0.17333 0.62245
GLY_225 -2.1485 0.30269 1.69428 0.0001 0.14948 0 0 0 0 0 0 -0.02398 0.11123 0 0.36382 0 0.17333 0.62245
GLY_225 -2.14971 0.30895 1.60524 0.0001 0.36519 0 0 0 0 0 0 -0.02372 0.11239 0 0.36419 0 0.17333 0.75597
GLY_225 -2.15022 0.30895 1.60587 0.0001 0.35265 0 0 0 0 0 0 -0.02372 0.11239 0 0.36419 0 0.17333 0.74354
GLY_225 -2.17546 0.33275 1.62312 0.0001 0.36295 0 0 0 0 0 0 -0.02372 0.11239 0 0.36419 0 0.17333 0.76965
GLY_225 -2.17546 0.33275 1.62312 0.0001 0.36295 0 0 0 0 0 0 -0.02372 0.11239 0 0.36419 0 0.17333 0.76965
GLY_225 -2.16943 0.33351 1.70403 0.0001 0.22737 0 0 0 0 0 0 -0.02372 0.11239 0 0.36419 0 0.17333 0.72178
GLY_225 -2.16947 0.33351 1.70426 0.0001 0.24285 0 0 0 0 0 0 -0.02372 0.11239 0 0.36419 0 0.17333 0.73745
GLY_225 -2.16947 0.33351 1.70426 0.0001 0.24285 0 0 0 0 0 0 -0.02372 0.11239 0 0.36419 0 0.17333 0.73745
GLY_225 -2.16947 0.33351 1.70426 0.0001 0.24285 0 0 0 0 0 0 -0.02372 0.11239 0 0.36419 0 0.17333 0.73745
GLY_225 -2.1776 0.38453 1.72358 0.0001 0.27114 0 0 0 0 0 0 -0.02372 0.11239 0 0.36419 0 0.17333 0.82795
GLY_225 -2.18588 0.39255 1.72824 0.0001 0.25541 0 0 0 0 0 0 -0.02372 0.11239 0 0.36419 0 0.17333 0.81662
GLY_225 -2.18476 0.39089 1.72709 0.0001 0.25586 0 0 0 0 0 0 -0.02372 0.11239 0 0.36419 0 0.17333 0.81536
GLY_225 -2.18476 0.39089 1.72709 0.0001 0.25534 0 0 0 0 0 0 -0.02372 0.11239 0 0.36419 0 0.17333 0.81485
GLY_225 -2.19038 0.47587 1.74564 0.0001 0.30184 0 0 0 0 0 0 -0.02372 0.11239 0 0.36419 0 0.17333 0.95927
GLY_225 -2.22122 0.57632 1.75706 0.0001 0.29309 0 0 0 0 0 0 -0.02372 0.11239 0 0.36419 0 0.17333 1.03153
GLY_225 -2.22122 0.57632 1.75706 0.0001 0.29309 0 0 0 0 0 0 -0.02372 0.11239 0 0.36419 0 0.17333 1.03153
GLY_225 -2.2114 0.52854 1.74802 7e-05 0.32207 0 0 0 0 0 0 0.01607 0.11457 0 0.42278 0 0.17333 1.11404
GLY_225 -2.2114 0.52854 1.74802 7e-05 0.32618 0 0 0 0 0 0 0.01607 0.11457 0 0.42278 0 0.17333 1.11815
GLY_225 -2.2114 0.52854 1.74802 7e-05 0.32618 0 0 0 0 0 0 0.01607 0.11457 0 0.42278 0 0.17333 1.11815
GLY_225 -2.2114 0.52854 1.74802 7e-05 0.32618 0 0 0 0 0 0 0.01607 0.11457 0 0.42278 0 0.17333 1.11815
GLY_225 -2.2114 0.52854 1.74802 7e-05 0.32224 0 0 0 0 0 0 0.01607 0.11457 0 0.42278 0 0.17333 1.11421
GLY_225 -2.19824 0.52076 1.73558 7e-05 0.32501 0 0 0 0 0 0 0.01607 0.11457 0 0.42278 0 0.17333 1.10994
GLY_225 -2.19824 0.52076 1.73558 7e-05 0.32501 0 0 0 0 0 0 0.01607 0.11457 0 0.42278 0 0.17333 1.10994
GLY_225 -2.18802 0.49858 1.73072 7e-05 0.32442 0 0 0 0 0 0 0.01607 0.11457 0 0.42278 0 0.17333 1.09251
GLY_225 -2.188 0.49858 1.73071 7e-05 0.32355 0 0 0 0 0 0 0.01607 0.11457 0 0.42278 0 0.17333 1.09165
GLY_225 -2.188 0.49858 1.73071 7e-05 0.32411 0 0 0 0 0 0 0.01607 0.11457 0 0.42278 0 0.17333 1.09221
GLY_225 -2.18807 0.49858 1.7309 7e-05 0.3241 0 0 0 0 0 0 0.01607 0.11457 0 0.42278 0 0.17333 1.09232
GLY_225 -2.18812 0.49858 1.73097 7e-05 0.32805 0 0 0 0 0 0 0.01607 0.11457 0 0.42278 0 0.17333 1.0963
GLY_225 -2.19337 0.49957 1.73825 7e-05 0.29932 0 0 0 0 0 0 0.01607 0.11457 0 0.42278 0 0.17333 1.07059
GLY_225 -2.18388 0.49538 1.72819 7e-05 0.27915 0 0 0 0 0 0 0.01607 0.11457 0 0.42278 0 0.17333 1.04565
GLY_225 -2.18388 0.49538 1.72819 7e-05 0.27919 0 0 0 0 0 0 0.01607 0.11457 0 0.42278 0 0.17333 1.0457
GLY_225 -2.18388 0.49538 1.72819 7e-05 0.27919 0 0 0 0 0 0 0.01607 0.11457 0 0.42278 0 0.17333 1.0457
GLY_225 -2.18458 0.49538 1.72999 7e-05 0.28106 0 0 0 0 0 0 0.01607 0.11457 0 0.42278 0 0.17333 1.04866
GLY_225 -2.18538 0.49538 1.73077 7e-05 0.27158 0 0 0 0 0 0 0.01607 0.11457 0 0.42278 0 0.17333 1.03917
GLY_225 -2.18538 0.49538 1.73077 7e-05 0.27158 0 0 0 0 0 0 0.01607 0.11457 0 0.42278 0 0.17333 1.03917
GLY_225 -2.18538 0.49538 1.73077 7e-05 0.27157 0 0 0 0 0 0 0.01607 0.11457 0 0.42278 0 0.17333 1.03916
GLY_225 -2.18271 0.5013 1.73046 7e-05 0.27386 0 0 0 0 0 0 0.00839 0.11275 0 0.41087 0 0.17333 1.0283
GLY_225 -2.18853 0.5013 1.7381 7e-05 0.26512 0 0 0 0 0 0 0.00839 0.11275 0 0.41087 0 0.17333 1.02139
GLY_225 -2.18853 0.5013 1.7381 7e-05 0.26527 0 0 0 0 0 0 0.00839 0.11275 0 0.41087 0 0.17333 1.02154
GLY_225 -2.18853 0.5013 1.7381 7e-05 0.26489 0 0 0 0 0 0 0.00839 0.11275 0 0.41087 0 0.17333 1.02116
GLY_225 -2.19997 0.51221 1.66255 7e-05 0.44144 0 0 0 0 0 0 0.00839 0.11275 0 0.41087 0 0.17333 1.12163
GLY_225 -2.19996 0.51221 1.66254 7e-05 0.44145 0 0 0 0 0 0 0.00839 0.11275 0 0.41087 0 0.17333 1.12163
GLY_225 -2.19996 0.51221 1.66254 7e-05 0.442 0 0 0 0 0 0 0.00839 0.11275 0 0.41087 0 0.17333 1.12218
GLY_225 -2.16537 0.45604 1.64677 7e-05 0.44488 0 0 0 0 0 0 0.00839 0.11275 0 0.41087 0 0.17333 1.08772
GLY_225 -2.16537 0.45604 1.64677 7e-05 0.44488 0 0 0 0 0 0 0.00839 0.11275 0 0.41087 0 0.17333 1.08772
GLY_225 -2.16616 0.47489 1.64509 7e-05 0.43431 0 0 0 0 0 0 0.00839 0.11275 0 0.41087 0 0.17333 1.09353
GLY_225 -2.16616 0.47489 1.64509 7e-05 0.43431 0 0 0 0 0 0 0.00839 0.11275 0 0.41087 0 0.17333 1.09353
GLY_225 -2.18109 0.48411 1.65873 7e-05 0.43099 0 0 0 0 0 0 0.00839 0.11275 0 0.41087 0 0.17333 1.09813
GLY_225 -2.18144 0.45967 1.65833 7e-05 0.42703 0 0 0 0 0 0 0.00839 0.11275 0 0.41087 0 0.17333 1.06898
GLY_225 -2.18144 0.45967 1.65833 7e-05 0.42703 0 0 0 0 0 0 0.00839 0.11275 0 0.41087 0 0.17333 1.06898
GLY_225 -2.1945 0.45967 1.74523 7e-05 0.26487 0 0 0 0 0 0 0.00839 0.11275 0 0.41087 0 0.17333 0.98066
GLY_225 -2.20242 0.45967 1.7553 7e-05 0.26953 0 0 0 0 0 0 0.00839 0.11275 0 0.41087 0 0.17333 0.98747
GLY_225 -2.20242 0.45967 1.7553 7e-05 0.26953 0 0 0 0 0 0 0.00839 0.11275 0 0.41087 0 0.17333 0.98747
GLY_225 -2.20242 0.45967 1.7553 7e-05 0.26953 0 0 0 0 0 0 0.00839 0.11275 0 0.41087 0 0.17333 0.98747
GLY_225 -2.20242 0.45967 1.7553 7e-05 0.26957 0 0 0 0 0 0 0.00839 0.11275 0 0.41087 0 0.17333 0.98752
GLY_225 -2.20242 0.45967 1.7553 7e-05 0.26953 0 0 0 0 0 0 0.00839 0.11275 0 0.41087 0 0.17333 0.98747
GLY_225 -2.20242 0.45967 1.7553 7e-05 0.26953 0 0 0 0 0 0 0.00839 0.11275 0 0.41087 0 0.17333 0.98747
GLY_225 -2.22688 0.49931 1.76455 7e-05 0.27086 0 0 0 0 0 0 0.00839 0.11275 0 0.41087 0 0.17333 1.01325
GLY_225 -2.22202 0.49738 1.76024 7e-05 0.2702 0 0 0 0 0 0 0.00839 0.11275 0 0.41087 0 0.17333 1.0112
GLY_225 -2.22202 0.49738 1.76024 7e-05 0.2702 0 0 0 0 0 0 0.00839 0.11275 0 0.41087 0 0.17333 1.0112
GLY_225 -2.2435 0.53498 1.78182 7e-05 0.30583 0 0 0 0 0 0 0.00839 0.11275 0 0.41087 0 0.17333 1.08452
GLY_225 -2.23793 0.53498 1.7748 7e-05 0.30373 0 0 0 0 0 0 0.00839 0.11275 0 0.41087 0 0.17333 1.08097
GLY_225 -2.22626 0.51958 1.76914 7e-05 0.30515 0 0 0 0 0 0 0.00839 0.11275 0 0.41087 0 0.17333 1.07301
GLY_225 -2.20507 0.48073 1.76041 7e-05 0.31136 0 0 0 0 0 0 0.00839 0.11275 0 0.41087 0 0.17333 1.05283
GLY_225 -2.20507 0.48073 1.76041 7e-05 0.31136 0 0 0 0 0 0 0.00839 0.11275 0 0.41087 0 0.17333 1.05283
GLY_225 -2.15445 0.44365 1.73008 7e-05 0.31653 0 0 0 0 0 0 0.00839 0.11275 0 0.41087 0 0.17333 1.04121
GLY_225 -2.19591 0.73051 1.76929 0.00017 0.23847 0 0 0 0 0 0 -0.03887 0.11312 0 0.3539 0 0.17333 1.14401
GLY_225 -2.19591 0.73051 1.76929 0.00017 0.23847 0 0 0 0 0 0 -0.03887 0.11312 0 0.3539 0 0.17333 1.14401
GLY_225 -2.19591 0.73051 1.76929 0.00017 0.23211 0 0 0 0 0 0 -0.03887 0.11312 0 0.3539 0 0.17333 1.13765
GLY_225 -2.17135 0.62236 1.759 0.00017 0.24166 0 0 0 0 0 0 -0.03887 0.11312 0 0.3539 0 0.17333 1.05333
GLY_225 -2.1735 0.6251 1.76023 0.00017 0.24169 0 0 0 0 0 0 -0.03887 0.11312 0 0.3539 0 0.17333 1.05516
GLY_225 -2.1735 0.6251 1.76023 0.00017 0.24169 0 0 0 0 0 0 -0.03887 0.11312 0 0.3539 0 0.17333 1.05516
GLY_225 -2.1735 0.6251 1.76023 0.00017 0.24169 0 0 0 0 0 0 -0.03887 0.11312 0 0.3539 0 0.17333 1.05516
GLY_225 -2.19644 0.58392 1.76954 0.0002 0.22098 0 0 0 0 0 0 -0.04781 0.11231 0 0.34593 0 0.17333 0.96196
GLY_225 -2.19644 0.58392 1.76954 0.0002 0.22098 0 0 0 0 0 0 -0.04781 0.11231 0 0.34593 0 0.17333 0.96196
GLY_225 -2.19644 0.58392 1.76954 0.0002 0.22098 0 0 0 0 0 0 -0.04781 0.11231 0 0.34593 0 0.17333 0.96196
GLY_225 -2.19051 0.58392 1.76686 0.0002 0.22349 0 0 0 0 0 0 -0.04781 0.11231 0 0.34593 0 0.17333 0.96771
GLY_225 -2.19051 0.58392 1.76686 0.0002 0.22349 0 0 0 0 0 0 -0.04781 0.11231 0 0.34593 0 0.17333 0.96771
GLY_225 -2.19051 0.58392 1.76686 0.0002 0.22348 0 0 0 0 0 0 -0.04781 0.11231 0 0.34593 0 0.17333 0.96771
GLY_225 -2.1596 0.56002 1.74596 0.0002 0.20833 0 0 0 0 0 0 -0.04781 0.11231 0 0.34593 0 0.17333 0.93866
GLY_225 -2.1596 0.56002 1.74596 0.0002 0.20833 0 0 0 0 0 0 -0.04781 0.11231 0 0.34593 0 0.17333 0.93866
GLY_225 -2.21928 0.72368 1.77765 0.0002 0.19316 0 0 0 0 0 0 -0.04781 0.11231 0 0.34593 0 0.17333 1.05917
