HIS_227 -9.48651 2.69746 5.39062 0.00774 -0.59751 0 0 0 0 0 0 -0.04251 0.00469 2.0787 -0.166 0 0.3883 0.27498
HIS_227 -9.36537 2.2921 5.36274 0.00774 -0.57271 0 0 0 0 0 0 -0.04251 0.00469 2.0787 -0.166 0 0.3883 -0.01231
HIS_227 -9.52967 2.78833 5.4456 0.00774 -0.58768 0 0 0 0 0 0 -0.04251 0.00469 2.0787 -0.166 0 0.3883 0.3875
HIS_227 -9.55006 2.78833 5.45678 0.00774 -0.58826 0 0 0 0 0 0 -0.04251 0.00469 2.0787 -0.166 0 0.3883 0.37771
HIS_227 -9.54877 2.78833 5.45597 0.00774 -0.59282 0 0 0 0 0 0 -0.04251 0.00469 2.0787 -0.166 0 0.3883 0.37364
HIS_227 -9.32751 4.78183 5.40068 0.00774 -0.54806 0 0 0 0 0 0 -0.04251 0.00469 2.0787 -0.166 0 0.3883 2.57786
HIS_227 -9.47589 4.86195 5.45631 0.00774 -0.57485 0 0 0 0 0 0 -0.04251 0.00469 2.0787 -0.166 0 0.3883 2.53843
HIS_227 -9.56836 4.9064 5.51149 0.00774 -0.60983 0 0 0 0 0 0 -0.04251 0.00469 2.0787 -0.166 0 0.3883 2.51061
HIS_227 -9.51249 5.08504 5.44053 0.00774 -0.58153 0 0 0 0 0 0 -0.04251 0.00469 2.0787 -0.166 0 0.3883 2.70248
HIS_227 -9.61856 3.90338 5.4478 0.00774 -0.60119 0 0 0 0 0 0 -0.04251 0.00469 2.0787 -0.166 0 0.3883 1.40235
HIS_227 -9.56832 3.97165 5.47729 0.00567 -0.57384 0 0 0 0 0 0 -0.16162 0.00469 2.03531 -0.02457 0 0.3883 1.55456
HIS_227 -9.57691 3.97165 5.47902 0.00567 -0.57283 0 0 0 0 0 0 -0.16162 0.00469 2.03531 -0.02457 0 0.3883 1.5487
HIS_227 -9.70958 3.58471 5.49015 0.00567 -0.54471 0 0 0 0 0 0 -0.16162 0.00469 2.03531 -0.02457 0 0.3883 1.06835
HIS_227 -9.38971 3.04952 5.36538 0.00567 -0.51286 0 0 0 0 0 0 -0.16162 0.00469 2.03531 -0.02457 0 0.3883 0.7601
HIS_227 -9.34029 2.13801 5.2879 0.0069 -0.70202 0 0 0 0 0 0 -0.04399 0.00469 2.0606 -0.1668 0 0.3883 -0.3667
HIS_227 -9.33629 2.10724 5.28237 0.0069 -0.70189 0 0 0 0 0 0 -0.04399 0.00469 2.0606 -0.1668 0 0.3883 -0.39887
HIS_227 -9.27475 2.16837 5.28267 0.0069 -0.6963 0 0 0 0 0 0 -0.04399 0.00469 2.0606 -0.1668 0 0.3883 -0.27031
HIS_227 -9.3178 2.16646 5.31025 0.0069 -0.67613 0 0 0 0 0 0 -0.04399 0.00469 2.0606 -0.1668 0 0.3883 -0.26753
HIS_227 -9.37134 2.16726 5.33495 0.0069 -0.67277 0 0 0 0 0 0 -0.04399 0.00469 2.0606 -0.1668 0 0.3883 -0.29221
HIS_227 -9.32879 2.13858 5.26836 0.0069 -0.64504 0 0 0 0 0 0 -0.04399 0.00469 2.0606 -0.1668 0 0.3883 -0.31719
HIS_227 -9.66504 3.57157 5.44166 0.00657 -0.64384 0 0 0 0 0 0 -0.07503 0.00469 2.05409 -0.13333 0 0.3883 0.94964
HIS_227 -9.65779 3.57157 5.43655 0.00657 -0.64164 0 0 0 0 0 0 -0.07503 0.00469 2.05409 -0.13333 0 0.3883 0.95397
HIS_227 -9.71968 3.56266 5.46452 0.00657 -0.64436 0 0 0 0 0 0 -0.07503 0.00469 2.05409 -0.13333 0 0.3883 0.90844
HIS_227 -9.72191 3.56266 5.46699 0.00657 -0.64194 0 0 0 0 0 0 -0.07503 0.00469 2.05409 -0.13333 0 0.3883 0.9111
HIS_227 -9.79575 4.43615 5.51992 0.00657 -0.6402 0 0 0 0 0 0 -0.07503 0.00469 2.05409 -0.13333 0 0.3883 1.76542
HIS_227 -9.78318 4.25733 5.53081 0.00657 -0.642 0 0 0 0 0 0 -0.07503 0.00469 2.05409 -0.13333 0 0.3883 1.60826
HIS_227 -9.78608 4.27073 5.53373 0.00657 -0.64464 0 0 0 0 0 0 -0.07503 0.00469 2.05409 -0.13333 0 0.3883 1.61904
HIS_227 -9.78608 4.27073 5.53373 0.00657 -0.64491 0 0 0 0 0 0 -0.07503 0.00469 2.05409 -0.13333 0 0.3883 1.61877
HIS_227 -9.84303 4.40032 5.60661 0.00612 -0.65418 0 0 0 0 0 0 -0.18685 0.00469 2.01307 -0.06245 0 0.3883 1.6726
HIS_227 -9.85591 4.42149 5.61325 0.00612 -0.65763 0 0 0 0 0 0 -0.18685 0.00469 2.01307 -0.06245 0 0.3883 1.68408
HIS_227 -9.78687 4.29247 5.56697 0.00612 -0.77908 0 0 0 0 0 0 -0.18685 0.00469 2.01307 -0.06245 0 0.3883 1.45636
HIS_227 -9.8334 4.78088 5.61933 0.00612 -0.77391 0 0 0 0 0 0 -0.18685 0.00469 2.01307 -0.06245 0 0.3883 1.95578
HIS_227 -9.8434 5.06146 5.62324 0.00571 -0.71863 0 0 0 0 0 0 -0.28228 0.00469 2.02668 -0.10717 0 0.3883 2.1586
HIS_227 -10.0629 6.02839 5.75994 0.00571 -0.75084 0 0 0 0 0 0 -0.28228 0.00469 2.02668 -0.10717 0 0.3883 3.0105
HIS_227 -10.0553 6.00136 5.75522 0.00571 -0.74843 0 0 0 0 0 0 -0.28228 0.00469 2.02668 -0.10717 0 0.3883 2.98873
HIS_227 -10.1844 6.79118 5.83357 0.00571 -0.74167 0 0 0 0 0 0 -0.28228 0.00469 2.02668 -0.10717 0 0.3883 3.73462
HIS_227 -10.3707 7.97828 5.91599 0.00571 -0.71062 0 0 0 0 0 0 -0.28228 0.00469 2.02668 -0.10717 0 0.3883 4.84884
HIS_227 -10.3707 7.97828 5.91599 0.00571 -0.71003 0 0 0 0 0 0 -0.28228 0.00469 2.02668 -0.10717 0 0.3883 4.84944
HIS_227 -10.3516 7.97828 5.90885 0.00571 -0.70273 0 0 0 0 0 0 -0.28228 0.00469 2.02668 -0.10717 0 0.3883 4.86872
HIS_227 -10.3519 7.97828 5.90912 0.00571 -0.70299 0 0 0 0 0 0 -0.28228 0.00469 2.02668 -0.10717 0 0.3883 4.86838
HIS_227 -10.3929 7.81717 5.92165 0.00571 -0.71217 0 0 0 0 0 0 -0.28228 0.00469 2.02668 -0.10717 0 0.3883 4.66966
HIS_227 -10.3952 7.81717 5.921 0.00571 -0.69788 0 0 0 0 0 0 -0.28228 0.00469 2.02668 -0.10717 0 0.3883 4.68105
HIS_227 -10.1496 5.90962 5.78067 0.00571 -0.75159 0 0 0 0 0 0 -0.28228 0.00469 2.02668 -0.10717 0 0.3883 2.82501
HIS_227 -10.1817 6.38173 5.7845 0.00576 -0.74171 0 0 0 0 0 0 -0.2823 0.00458 2.01959 -0.09379 0 0.3883 3.28491
HIS_227 -10.1603 6.35012 5.77064 0.00576 -0.73256 0 0 0 0 0 0 -0.2823 0.00458 2.01959 -0.09379 0 0.3883 3.26998
HIS_227 -10.1049 6.28282 5.66682 0.00576 -0.57382 0 0 0 0 0 0 -0.2823 0.00458 2.01959 -0.09379 0 0.3883 3.31305
HIS_227 -10.2136 7.19348 5.73044 0.00576 -0.54755 0 0 0 0 0 0 -0.2823 0.00458 2.01959 -0.09379 0 0.3883 4.20495
HIS_227 -10.1584 6.93884 5.69121 0.00576 -0.51897 0 0 0 0 0 0 -0.2823 0.00458 2.01959 -0.09379 0 0.3883 3.99482
HIS_227 -9.56185 3.98411 5.4068 0.00576 -0.47646 0 0 0 0 0 0 -0.2823 0.00458 2.01959 -0.09379 0 0.3883 1.39473
HIS_227 -9.54495 4.07091 5.36386 0.00576 -0.50265 0 0 0 0 0 0 -0.2823 0.00458 2.01959 -0.09379 0 0.3883 1.4293
HIS_227 -9.54934 4.07091 5.36657 0.00576 -0.5019 0 0 0 0 0 0 -0.2823 0.00458 2.01959 -0.09379 0 0.3883 1.42837
HIS_227 -9.71983 4.10743 5.41962 0.00576 -0.55259 0 0 0 0 0 0 -0.2823 0.00458 2.01959 -0.09379 0 0.3883 1.29676
HIS_227 -9.6968 4.32839 5.37231 0.00576 -0.58143 0 0 0 0 0 0 -0.2823 0.00458 2.01959 -0.09379 0 0.3883 1.4646
HIS_227 -9.70407 4.32839 5.3786 0.00576 -0.58101 0 0 0 0 0 0 -0.2823 0.00458 2.01959 -0.09379 0 0.3883 1.46404
HIS_227 -9.6522 4.32327 5.32441 0.00576 -0.58015 0 0 0 0 0 0 -0.2823 0.00458 2.01959 -0.09379 0 0.3883 1.45746
HIS_227 -9.63069 4.7152 5.31937 0.00559 -0.57978 0 0 0 0 0 0 -0.28816 0.00458 2.01985 -0.0999 0 0.3883 1.85436
HIS_227 -9.72091 4.49894 5.34309 0.00559 -0.58944 0 0 0 0 0 0 -0.28816 0.00458 2.01985 -0.0999 0 0.3883 1.56194
HIS_227 -9.87055 4.56403 5.42914 0.00559 -0.60628 0 0 0 0 0 0 -0.28816 0.00458 2.01985 -0.0999 0 0.3883 1.5466
HIS_227 -9.90093 4.6838 5.48142 0.00559 -0.6008 0 0 0 0 0 0 -0.28816 0.00458 2.01985 -0.0999 0 0.3883 1.69375
HIS_227 -9.91102 4.67186 5.48145 0.00559 -0.59425 0 0 0 0 0 0 -0.28816 0.00458 2.01985 -0.0999 0 0.3883 1.67829
HIS_227 -9.84527 4.67186 5.45395 0.00559 -0.59456 0 0 0 0 0 0 -0.28816 0.00458 2.01985 -0.0999 0 0.3883 1.71623
HIS_227 -10.1557 5.01979 5.59561 0.00559 -0.61407 0 0 0 0 0 0 -0.28816 0.00458 2.01985 -0.0999 0 0.3883 1.87591
HIS_227 -9.62437 3.95806 5.46223 0.00559 -0.52454 0 0 0 0 0 0 -0.28816 0.00458 2.01985 -0.0999 0 0.3883 1.30164
HIS_227 -9.47525 3.92564 5.10368 0.00559 -0.59726 0 0 0 0 0 0 -0.28816 0.00458 2.01985 -0.0999 0 0.3883 0.98707
HIS_227 -9.44961 4.10087 5.10243 0.00559 -0.62416 0 0 0 0 0 0 -0.28816 0.00458 2.01985 -0.0999 0 0.3883 1.15979
HIS_227 -9.44962 4.10087 5.10244 0.00559 -0.62365 0 0 0 0 0 0 -0.28816 0.00458 2.01985 -0.0999 0 0.3883 1.1603
HIS_227 -9.44981 4.18638 5.10338 0.00559 -0.61808 0 0 0 0 0 0 -0.28816 0.00458 2.01985 -0.0999 0 0.3883 1.25213
HIS_227 -9.46574 3.98731 5.11606 0.00567 -0.63098 0 0 0 0 0 0 -0.27624 0.00458 2.01885 -0.08326 0 0.3883 1.06455
HIS_227 -9.47407 3.98731 5.12367 0.00567 -0.62259 0 0 0 0 0 0 -0.27624 0.00458 2.01885 -0.08326 0 0.3883 1.07223
HIS_227 -9.79065 3.1921 5.61507 0.0059 -0.45958 0 0 0 0 0 0 -0.27624 0.00458 2.29691 -0.08326 0 0.3883 0.89313
HIS_227 -9.82397 3.3494 5.64971 0.0059 -0.4587 0 0 0 0 0 0 -0.27624 0.00458 2.29691 -0.08326 0 0.3883 1.05262
HIS_227 -9.78427 3.27978 5.62153 0.0059 -0.4608 0 0 0 0 0 0 -0.27624 0.00458 2.29691 -0.08326 0 0.3883 0.99243
HIS_227 -9.79905 3.28654 5.63754 0.0059 -0.45497 0 0 0 0 0 0 -0.27624 0.00458 2.29691 -0.08326 0 0.3883 1.00625
HIS_227 -9.84878 3.28868 5.65708 0.0059 -0.45676 0 0 0 0 0 0 -0.27624 0.00458 2.29691 -0.08326 0 0.3883 0.97641
HIS_227 -9.72753 3.33172 5.60064 0.0059 -0.44819 0 0 0 0 0 0 -0.27624 0.00458 2.29691 -0.08326 0 0.3883 1.09284
HIS_227 -9.73522 3.33172 5.61479 0.0059 -0.45114 0 0 0 0 0 0 -0.27624 0.00458 2.29691 -0.08326 0 0.3883 1.09635
HIS_227 -9.5257 2.72357 5.49736 0.0059 -0.43582 0 0 0 0 0 0 -0.27624 0.00458 2.29691 -0.08326 0 0.3883 0.59561
HIS_227 -9.5524 3.11199 5.51425 0.0059 -0.42779 0 0 0 0 0 0 -0.27607 0.00521 2.29862 -0.08352 0 0.3883 0.98449
HIS_227 -9.54876 3.11196 5.51175 0.0059 -0.42911 0 0 0 0 0 0 -0.27607 0.00521 2.29862 -0.08352 0 0.3883 0.98427
HIS_227 -9.33575 1.90782 5.4037 0.0059 -0.49866 0 0 0 0 0 0 -0.27705 0.00454 2.30014 -0.08507 0 0.3883 -0.18612
HIS_227 -9.33347 1.90782 5.4022 0.0059 -0.49821 0 0 0 0 0 0 -0.27705 0.00454 2.30014 -0.08507 0 0.3883 -0.18488
HIS_227 -9.38839 2.25927 5.43441 0.0059 -0.49758 0 0 0 0 0 0 -0.27705 0.00454 2.30014 -0.08507 0 0.3883 0.14449
HIS_227 -9.27739 2.01395 5.32314 0.0059 -0.49314 0 0 0 0 0 0 -0.27705 0.00454 2.30014 -0.08507 0 0.3883 -0.09667
HIS_227 -9.16921 1.9596 5.23686 0.0059 -0.49963 0 0 0 0 0 0 -0.27705 0.00454 2.30014 -0.08507 0 0.3883 -0.1356
HIS_227 -9.18023 1.92413 5.29318 0.0059 -0.40514 0 0 0 0 0 0 -0.27705 0.00454 2.30014 -0.08507 0 0.3883 -0.03129
HIS_227 -9.13256 1.92394 5.2519 0.0059 -0.43095 0 0 0 0 0 0 -0.27705 0.00454 2.30014 -0.08507 0 0.3883 -0.0509
HIS_227 -9.13641 1.92394 5.2544 0.0059 -0.43247 0 0 0 0 0 0 -0.27705 0.00454 2.30014 -0.08507 0 0.3883 -0.05376
HIS_227 -9.13787 1.92394 5.25804 0.0059 -0.42022 0 0 0 0 0 0 -0.27705 0.00454 2.30014 -0.08507 0 0.3883 -0.03934
HIS_227 -9.06909 1.85602 5.2156 0.0059 -0.41165 0 0 0 0 0 0 -0.27705 0.00454 2.30014 -0.08507 0 0.3883 -0.07235
HIS_227 -9.0682 1.85514 5.21428 0.0059 -0.41025 0 0 0 0 0 0 -0.27705 0.00454 2.30014 -0.08507 0 0.3883 -0.07226
HIS_227 -9.01331 1.86823 5.18769 0.0059 -0.40411 0 0 0 0 0 0 -0.27705 0.00454 2.30014 -0.08507 0 0.3883 -0.02473
HIS_227 -9.10551 1.97766 5.2625 0.0059 -0.39579 0 0 0 0 0 0 -0.27705 0.00454 2.30014 -0.08507 0 0.3883 0.07564
HIS_227 -9.08682 1.40206 5.21393 0.00668 -0.35311 0 0 0 0 0 0 -0.24369 0.00454 2.28291 -0.07055 0 0.3883 -0.45574
HIS_227 -9.04632 1.46541 5.14321 0.00668 -0.34986 0 0 0 0 0 0 -0.24369 0.00454 2.28291 -0.07055 0 0.3883 -0.41937
HIS_227 -9.31907 1.59073 5.26645 0.00668 -0.37771 0 0 0 0 0 0 -0.24369 0.00454 2.28291 -0.07055 0 0.3883 -0.47141
HIS_227 -9.15339 1.53396 5.16581 0.00668 -0.39606 0 0 0 0 0 0 -0.24369 0.00454 2.28291 -0.07055 0 0.3883 -0.48148
HIS_227 -9.15156 1.53396 5.16468 0.00668 -0.39614 0 0 0 0 0 0 -0.24369 0.00454 2.28291 -0.07055 0 0.3883 -0.48087
HIS_227 -8.61459 1.27924 4.94136 0.00668 -0.22206 0 0 0 0 0 0 -0.24369 0.00454 2.28291 -0.07055 0 0.3883 -0.24784
HIS_227 -8.61192 1.27924 4.93859 0.00668 -0.22265 0 0 0 0 0 0 -0.24369 0.00454 2.28291 -0.07055 0 0.3883 -0.24853
HIS_227 -8.38623 1.07733 4.74464 0.00668 -0.23954 0 0 0 0 0 0 -0.24369 0.00454 2.28291 -0.07055 0 0.3883 -0.4356
HIS_227 -8.63922 1.1008 4.87687 0.00668 -0.24348 0 0 0 0 0 0 -0.24369 0.00454 2.28291 -0.07055 0 0.3883 -0.53683
