THR:NtermProteinFull_224 -2.63958 1.40838 2.77177 0.00959 0.20944 0 0 0 0 0 0 0 0.05363 0.05714 0 0 0.20134 2.07172
THR:NtermProteinFull_224 -2.61934 1.40838 2.75743 0.00959 0.18523 0 0 0 0 0 0 0 0.05363 0.05714 0 0 0.20134 2.0534
THR:NtermProteinFull_224 -2.62314 1.40918 2.76303 0.00959 0.18645 0 0 0 0 0 0 0 0.05363 0.05714 0 0 0.20134 2.05722
THR:NtermProteinFull_224 -2.62163 1.41959 2.75886 0.00959 0.1963 0 0 0 0 0 0 0 0.05363 0.05714 0 0 0.20134 2.07482
THR:NtermProteinFull_224 -2.62178 1.40187 2.75882 0.00789 0.2155 0 0 0 0 0 0 0 0.05363 0.05723 0 0 0.20134 2.0745
THR:NtermProteinFull_224 -2.73093 2.53306 2.93015 0.00789 0.10886 0 0 0 0 0 0 0 0.05363 0.05723 0 0 0.20134 3.16123
THR:NtermProteinFull_224 -2.7131 2.52155 2.88927 0.00976 0.15524 0 0 0 0 0 0 0 0.05363 0.18114 0 0 0.20134 3.29883
THR:NtermProteinFull_224 -2.71853 2.53319 2.88531 0.00976 0.15499 0 0 0 0 0 0 0 0.05363 0.18114 0 0 0.20134 3.30084
THR:NtermProteinFull_224 -2.71138 2.53319 2.87319 0.00976 0.17215 0 0 0 0 0 0 0 0.05363 0.18114 0 0 0.20134 3.31302
THR:NtermProteinFull_224 -2.7175 2.53319 2.88794 0.00976 0.17064 0 0 0 0 0 0 0 0.05363 0.18114 0 0 0.20134 3.32014
THR:NtermProteinFull_224 -2.6208 2.59824 2.79261 0.00958 0.31442 0 0 0 0 0 0 0 0.05302 0.1367 0 0 0.20134 3.48512
THR:NtermProteinFull_224 -2.62076 2.59824 2.79256 0.00958 0.31501 0 0 0 0 0 0 0 0.05302 0.1367 0 0 0.20134 3.48571
THR:NtermProteinFull_224 -2.56881 1.87772 2.74537 0.00958 0.42374 0 0 0 0 0 0 0 0.05302 0.1367 0 0 0.20134 2.87868
THR:NtermProteinFull_224 -2.56881 1.87772 2.74537 0.00958 0.42413 0 0 0 0 0 0 0 0.05302 0.1367 0 0 0.20134 2.87907
THR:NtermProteinFull_224 -2.55242 1.60704 2.75308 0.00956 0.21582 0 0 0 0 0 0 0 0.05338 0.21033 0 0 0.20134 2.49813
THR:NtermProteinFull_224 -2.55599 1.60704 2.75852 0.0095 0.18493 0 0 0 0 0 0 0 0.05338 0.28965 0 0 0.20134 2.54838
THR:NtermProteinFull_224 -2.51949 1.4255 2.72883 0.0095 0.17839 0 0 0 0 0 0 0 0.05338 0.28965 0 0 0.20134 2.3671
THR:NtermProteinFull_224 -2.50674 1.43445 2.70199 0.0095 0.17096 0 0 0 0 0 0 0 0.05338 0.28965 0 0 0.20134 2.35453
THR:NtermProteinFull_224 -2.50488 1.43212 2.6997 0.0095 0.16949 0 0 0 0 0 0 0 0.05338 0.28965 0 0 0.20134 2.35029
THR:NtermProteinFull_224 -2.50488 1.43212 2.6997 0.0095 0.16949 0 0 0 0 0 0 0 0.05338 0.28965 0 0 0.20134 2.35029
THR:NtermProteinFull_224 -2.55922 1.42353 2.60336 0.01936 0.35186 0 0 0 0 0 0 0 0.05323 1.84142 0 0 0.20134 3.93489
THR:NtermProteinFull_224 -2.56164 1.43894 2.59921 0.01936 0.36658 0 0 0 0 0 0 0 0.05323 1.84142 0 0 0.20134 3.95844
THR:NtermProteinFull_224 -2.56333 1.26367 2.59504 0.01936 0.44911 0 0 0 0 0 0 0 0.05323 1.84142 0 0 0.20134 3.85983
THR:NtermProteinFull_224 -2.56301 1.26367 2.59463 0.01936 0.44946 0 0 0 0 0 0 0 0.05323 1.84142 0 0 0.20134 3.8601
THR:NtermProteinFull_224 -2.50472 1.27024 2.67279 0.00533 0.29716 0 0 0 0 0 0 0 0.05323 0.51385 0 0 0.20134 2.50922
THR:NtermProteinFull_224 -2.58124 1.30436 2.87165 0.00533 0.78927 0 0 0 0 0 0 0 0.05323 0.51385 0 0 0.20134 3.1578
THR:NtermProteinFull_224 -2.58385 1.30436 2.87491 0.00533 0.78641 0 0 0 0 0 0 0 0.05323 0.51385 0 0 0.20134 3.15558
THR:NtermProteinFull_224 -2.57564 1.30436 2.84857 0.00533 0.77507 0 0 0 0 0 0 0 0.05323 0.51385 0 0 0.20134 3.12611
THR:NtermProteinFull_224 -2.55565 1.30436 2.83853 0.00533 0.77468 0 0 0 0 0 0 0 0.05323 0.51385 0 0 0.20134 3.13567
THR:NtermProteinFull_224 -2.50152 1.29127 2.68177 0.00533 0.3323 0 0 0 0 0 0 0 0.05323 0.51385 0 0 0.20134 2.57758
THR:NtermProteinFull_224 -2.50797 1.29025 2.69606 0.00533 0.33673 0 0 0 0 0 0 0 0.05323 0.51385 0 0 0.20134 2.58882
THR:NtermProteinFull_224 -2.50797 1.29025 2.69606 0.00533 0.33673 0 0 0 0 0 0 0 0.05323 0.51385 0 0 0.20134 2.58882
THR:NtermProteinFull_224 -2.48235 1.27412 2.67392 0.00533 0.34228 0 0 0 0 0 0 0 0.05323 0.51385 0 0 0.20134 2.58172
THR:NtermProteinFull_224 -2.47468 1.22972 2.6319 0.00533 0.35965 0 0 0 0 0 0 0 0.05323 0.51385 0 0 0.20134 2.52034
THR:NtermProteinFull_224 -2.47327 1.22972 2.63017 0.00533 0.36103 0 0 0 0 0 0 0 0.05323 0.51385 0 0 0.20134 2.5214
THR:NtermProteinFull_224 -2.46231 1.23064 2.61648 0.00533 0.34889 0 0 0 0 0 0 0 0.05323 0.51385 0 0 0.20134 2.50744
THR:NtermProteinFull_224 -2.47582 1.23064 2.6496 0.00533 0.35798 0 0 0 0 0 0 0 0.05323 0.51385 0 0 0.20134 2.53614
THR:NtermProteinFull_224 -2.45401 1.23064 2.59749 0.00533 0.30429 0 0 0 0 0 0 0 0.05323 0.51385 0 0 0.20134 2.45215
THR:NtermProteinFull_224 -2.46238 1.23064 2.62536 0.00533 0.31425 0 0 0 0 0 0 0 0.05323 0.51385 0 0 0.20134 2.48162
THR:NtermProteinFull_224 -2.52066 1.23064 2.79269 0.00533 0.16688 0 0 0 0 0 0 0 0.05323 0.51385 0 0 0.20134 2.44331
THR:NtermProteinFull_224 -2.50232 1.03989 2.7459 0.00533 0.25749 0 0 0 0 0 0 0 0.05323 0.51385 0 0 0.20134 2.31471
THR:NtermProteinFull_224 -2.51389 1.03989 2.77531 0.00533 0.25702 0 0 0 0 0 0 0 0.05323 0.51385 0 0 0.20134 2.33207
THR:NtermProteinFull_224 -2.55019 0.99903 2.85992 0.00533 0.2857 0 0 0 0 0 0 0 0.05323 0.51385 0 0 0.20134 2.3682
THR:NtermProteinFull_224 -2.55194 0.99903 2.86208 0.00533 0.28409 0 0 0 0 0 0 0 0.05323 0.51385 0 0 0.20134 2.36701
THR:NtermProteinFull_224 -2.55362 0.99903 2.86521 0.00533 0.28842 0 0 0 0 0 0 0 0.05323 0.51385 0 0 0.20134 2.37279
THR:NtermProteinFull_224 -2.55187 0.99903 2.86239 0.00533 0.289 0 0 0 0 0 0 0 0.05323 0.51385 0 0 0.20134 2.3723
THR:NtermProteinFull_224 -2.54619 0.99903 2.85209 0.00533 0.31375 0 0 0 0 0 0 0 0.05323 0.51385 0 0 0.20134 2.39243
THR:NtermProteinFull_224 -2.55854 1.02159 2.86836 0.00775 0.31362 0 0 0 0 0 0 0 0.05323 0.06094 0 0 0.20134 1.96829
THR:NtermProteinFull_224 -2.5689 1.04645 2.88257 0.00491 0.30159 0 0 0 0 0 0 0 0.05323 0.41019 0 0 0.20134 2.33138
THR:NtermProteinFull_224 -2.5689 1.04645 2.88257 0.00491 0.30165 0 0 0 0 0 0 0 0.05323 0.41019 0 0 0.20134 2.33143
THR:NtermProteinFull_224 -2.5689 1.04645 2.88257 0.00491 0.30163 0 0 0 0 0 0 0 0.05323 0.41019 0 0 0.20134 2.33141
THR:NtermProteinFull_224 -2.56839 1.04645 2.88192 0.00491 0.30197 0 0 0 0 0 0 0 0.05323 0.41019 0 0 0.20134 2.33161
THR:NtermProteinFull_224 -2.58323 1.05046 2.91062 0.00491 0.29816 0 0 0 0 0 0 0 0.05323 0.41019 0 0 0.20134 2.34568
THR:NtermProteinFull_224 -2.58323 1.05046 2.91062 0.00491 0.29816 0 0 0 0 0 0 0 0.05323 0.41019 0 0 0.20134 2.34568
THR:NtermProteinFull_224 -2.64293 1.05046 2.97423 0.00491 0.29401 0 0 0 0 0 0 0 0.05323 0.41019 0 0 0.20134 2.34544
THR:NtermProteinFull_224 -2.62393 1.05295 2.94529 0.00491 0.29857 0 0 0 0 0 0 0 0.05323 0.41019 0 0 0.20134 2.34255
THR:NtermProteinFull_224 -2.61609 1.05295 2.9447 0.00686 0.27741 0 0 0 0 0 0 0 0.05323 0.06201 0 0 0.20134 1.98242
THR:NtermProteinFull_224 -2.61639 1.05295 2.94522 0.00686 0.27771 0 0 0 0 0 0 0 0.05323 0.06201 0 0 0.20134 1.98295
THR:NtermProteinFull_224 -2.58112 1.05295 2.88366 0.00686 0.26625 0 0 0 0 0 0 0 0.05323 0.06201 0 0 0.20134 1.94519
THR:NtermProteinFull_224 -2.6024 1.06135 2.79566 0.01399 0.44467 0 0 0 0 0 0 0 0.05323 1.87293 0 0 0.20134 3.84077
THR:NtermProteinFull_224 -2.61357 1.06135 2.81897 0.01399 0.44248 0 0 0 0 0 0 0 0.05323 1.87293 0 0 0.20134 3.85072
THR:NtermProteinFull_224 -2.6137 1.06135 2.81933 0.01399 0.44272 0 0 0 0 0 0 0 0.05323 1.87293 0 0 0.20134 3.8512
THR:NtermProteinFull_224 -2.51525 0.87407 2.75847 0.01399 0.43392 0 0 0 0 0 0 0 0.05323 1.87293 0 0 0.20134 3.69271
THR:NtermProteinFull_224 -2.51525 0.87407 2.75847 0.01399 0.43392 0 0 0 0 0 0 0 0.05323 1.87293 0 0 0.20134 3.69271
THR:NtermProteinFull_224 -2.54811 0.79052 2.78345 0.01399 0.36784 0 0 0 0 0 0 0 0.05323 1.87293 0 0 0.20134 3.5352
THR:NtermProteinFull_224 -2.54811 0.79052 2.78345 0.01399 0.36782 0 0 0 0 0 0 0 0.05323 1.87293 0 0 0.20134 3.53518
THR:NtermProteinFull_224 -2.56728 0.95992 2.82861 0.01399 0.2661 0 0 0 0 0 0 0 0.05323 1.87293 0 0 0.20134 3.62884
THR:NtermProteinFull_224 -2.55259 0.9109 2.81944 0.01399 0.25391 0 0 0 0 0 0 0 0.05323 1.87293 0 0 0.20134 3.57314
THR:NtermProteinFull_224 -2.54913 0.9109 2.8103 0.01399 0.26579 0 0 0 0 0 0 0 0.05323 1.87293 0 0 0.20134 3.57936
THR:NtermProteinFull_224 -2.57208 0.9109 2.92799 0.00624 0.15449 0 0 0 0 0 0 0 0.05323 0.10254 0 0 0.20134 1.78465
THR:NtermProteinFull_224 -2.55994 0.9109 2.92019 0.01124 0.12916 0 0 0 0 0 0 0 0.05323 0.33237 0 0 0.20134 1.99848
THR:NtermProteinFull_224 -2.54495 0.9109 2.90572 0.01124 0.12372 0 0 0 0 0 0 0 0.05323 0.33237 0 0 0.20134 1.99357
THR:NtermProteinFull_224 -2.55989 0.9109 2.91962 0.01124 0.1282 0 0 0 0 0 0 0 0.05323 0.33237 0 0 0.20134 1.997
THR:NtermProteinFull_224 -2.55989 0.9109 2.91962 0.01124 0.1282 0 0 0 0 0 0 0 0.05323 0.33237 0 0 0.20134 1.997
THR:NtermProteinFull_224 -2.5625 0.9109 2.92129 0.01124 0.1309 0 0 0 0 0 0 0 0.05323 0.33237 0 0 0.20134 1.99877
THR:NtermProteinFull_224 -2.5625 0.9109 2.92129 0.01124 0.1309 0 0 0 0 0 0 0 0.05323 0.33237 0 0 0.20134 1.99877
THR:NtermProteinFull_224 -2.71278 1.16134 3.02839 0.01124 0.13706 0 0 0 0 0 0 0 0.05323 0.33237 0 0 0.20134 2.21218
THR:NtermProteinFull_224 -2.70148 1.16134 3.00744 0.01124 0.1361 0 0 0 0 0 0 0 0.05323 0.33237 0 0 0.20134 2.20158
THR:NtermProteinFull_224 -2.69123 1.16134 3.00232 0.01124 0.11648 0 0 0 0 0 0 0 0.05323 0.33237 0 0 0.20134 2.18709
THR:NtermProteinFull_224 -2.5821 1.16134 2.7423 0.01124 0.46738 0 0 0 0 0 0 0 0.05323 0.33237 0 0 0.20134 2.38709
THR:NtermProteinFull_224 -2.67062 1.16134 2.80501 0.00736 0.42921 0 0 0 0 0 0 0 0.05323 0.05929 0 0 0.20134 2.04615
THR:NtermProteinFull_224 -2.67961 1.09535 2.84324 0.00736 0.44602 0 0 0 0 0 0 0 0.05323 0.05929 0 0 0.20134 2.02622
THR:NtermProteinFull_224 -2.68159 1.23798 2.8862 0.00736 0.41864 0 0 0 0 0 0 0 0.05323 0.05929 0 0 0.20134 2.18244
THR:NtermProteinFull_224 -2.68243 1.23798 2.88753 0.00736 0.41779 0 0 0 0 0 0 0 0.05323 0.05929 0 0 0.20134 2.18209
THR:NtermProteinFull_224 -2.65561 1.12942 2.86527 0.00736 0.40604 0 0 0 0 0 0 0 0.05323 0.05929 0 0 0.20134 2.06633
THR:NtermProteinFull_224 -2.46123 1.30343 2.66466 0.00736 0.43302 0 0 0 0 0 0 0 0.05323 0.05929 0 0 0.20134 2.2611
THR:NtermProteinFull_224 -2.46123 1.30343 2.66466 0.00736 0.43302 0 0 0 0 0 0 0 0.05323 0.05929 0 0 0.20134 2.2611
THR:NtermProteinFull_224 -2.46811 1.30343 2.69631 0.00736 0.31519 0 0 0 0 0 0 0 0.05323 0.05929 0 0 0.20134 2.16804
THR:NtermProteinFull_224 -2.45011 1.5144 2.71094 0.00736 0.29191 0 0 0 0 0 0 0 0.05323 0.05929 0 0 0.20134 2.38835
THR:NtermProteinFull_224 -2.4455 1.52671 2.6915 0.00736 0.29355 0 0 0 0 0 0 0 0.05323 0.05929 0 0 0.20134 2.38748
THR:NtermProteinFull_224 -2.44987 1.52671 2.70503 0.00736 0.29207 0 0 0 0 0 0 0 0.05323 0.05929 0 0 0.20134 2.39516
THR:NtermProteinFull_224 -2.44895 1.52671 2.70393 0.00736 0.29217 0 0 0 0 0 0 0 0.05323 0.05929 0 0 0.20134 2.39508
THR:NtermProteinFull_224 -2.57681 1.50155 2.81408 0.00736 0.27033 0 0 0 0 0 0 0 0.05323 0.05929 0 0 0.20134 2.33037
THR:NtermProteinFull_224 -2.61776 1.50155 2.85053 0.00736 0.27614 0 0 0 0 0 0 0 0.05323 0.05929 0 0 0.20134 2.33168
THR:NtermProteinFull_224 -2.61776 1.50155 2.85053 0.00736 0.27614 0 0 0 0 0 0 0 0.05323 0.05929 0 0 0.20134 2.33168
THR:NtermProteinFull_224 -2.62642 1.49037 2.86687 0.00736 0.26354 0 0 0 0 0 0 0 0.05323 0.05929 0 0 0.20134 2.31558
THR:NtermProteinFull_224 -2.62642 1.49037 2.86687 0.00736 0.26354 0 0 0 0 0 0 0 0.05323 0.05929 0 0 0.20134 2.31558
THR:NtermProteinFull_224 -2.62503 1.49037 2.86518 0.00736 0.26466 0 0 0 0 0 0 0 0.05323 0.05929 0 0 0.20134 2.3164
THR:NtermProteinFull_224 -2.57842 1.40462 2.80403 0.00736 0.18781 0 0 0 0 0 0 0 0.05323 0.05929 0 0 0.20134 2.13925
THR:NtermProteinFull_224 -2.44294 1.40462 2.67304 0.00736 0.19192 0 0 0 0 0 0 0 0.05323 0.05929 0 0 0.20134 2.14786
THR:NtermProteinFull_224 -2.45142 1.1899 2.66438 0.00736 0.23706 0 0 0 0 0 0 0 0.05323 0.05929 0 0 0.20134 1.96114
